sample	name	taxonomy_id	taxonomy_lvl	kraken_assigned_reads	added_reads	new_est_reads	fraction_total_reads
SRR6145058	Candidatus Accumulibacter	327159	G	36	33	69	0.00001
SRR6145058	Candidatus Methylospira	1808977	G	5	40	45	0.00000
SRR6145058	Candidatus Pelagibacter	198251	G	23	7	30	0.00000
SRR6145058	Candidatus Methylopumilus	1679002	G	16	13	29	0.00000
SRR6145058	Candidatus Saccharimonas	1331051	G	11	12	23	0.00000
SRR6145058	Candidatus Solibacter	332162	G	18	0	18	0.00000
SRR6145058	Candidatus Planktophila	622681	G	17	1	18	0.00000
SRR6145058	Candidatus Promineofilum	1988031	G	16	0	16	0.00000
SRR6145058	Candidatus Phaeomarinobacter	1541445	G	13	1	14	0.00000
SRR6145058	Candidatus Thioglobus	655184	G	5	4	9	0.00000
SRR6145058	Candidatus Nitrosotenuis	1825023	G	9	0	9	0.00000
SRR6145058	Candidatus Symbiobacter	1436289	G	7	0	7	0.00000
SRR6145058	Candidatus Nitrosopelagicus	1593364	G	7	0	7	0.00000
SRR6145058	Candidatus Nitrosocosmicus	1826864	G	7	0	7	0.00000
SRR6145058	Candidatus Kuenenia	380738	G	7	0	7	0.00000
SRR6145058	Candidatus Koribacter	658061	G	7	0	7	0.00000
SRR6145058	Candidatus Kinetoplastibacterium	33055	G	10	-3	7	0.00000
SRR6145058	Candidatus Hamiltonella	568987	G	5	2	7	0.00000
SRR6145058	Candidatus Bipolaricaulis	2250122	G	2	5	7	0.00000
SRR6145058	Candidatus Aquiluna	529881	G	7	0	7	0.00000
SRR6145058	Candidatus Nanopelagicus	2039639	G	6	0	6	0.00000
SRR6145058	Candidatus Vesicomyosocius	2732587	G	3	2	5	0.00000
SRR6145058	Candidatus Phytoplasma	33926	G	5	0	5	0.00000
SRR6145058	Candidatus Izimaplasma	1912503	G	4	1	5	0.00000
SRR6145058	Candidatus Cardinium	273135	G	5	0	5	0.00000
SRR6145058	Candidatus Puniceispirillum	767891	G	4	0	4	0.00000
SRR6145058	Candidatus Protochlamydia	282132	G	4	0	4	0.00000
SRR6145058	Candidatus Prometheoarchaeum	2732160	G	4	0	4	0.00000
SRR6145058	Candidatus Cyclonatronum	2489367	G	4	0	4	0.00000
SRR6145058	Candidatus Blochmannia	203804	G	4	0	4	0.00000
SRR6145058	Candidatus Azobacteroides	511434	G	4	0	4	0.00000
SRR6145058	Candidatus Reidiella	2738850	G	3	0	3	0.00000
SRR6145058	Candidatus Profftella	1381133	G	3	0	3	0.00000
SRR6145058	Candidatus Nucleicultrix	1509243	G	3	0	3	0.00000
SRR6145058	Candidatus Nitrosotalea	1078904	G	3	0	3	0.00000
SRR6145058	Candidatus Nitrosoglobus	1980513	G	3	0	3	0.00000
SRR6145058	Candidatus Fonsibacter	2045213	G	3	0	3	0.00000
SRR6145058	Candidatus Desulforudis	471826	G	3	0	3	0.00000
SRR6145058	Candidatus Arthromitus	49082	G	3	0	3	0.00000
SRR6145058	Candidatus Syntrophocurvum	2293313	G	2	0	2	0.00000
SRR6145058	Candidatus Portiera	235572	G	2	0	2	0.00000
SRR6145058	Candidatus Phycorickettsia	2115980	G	2	0	2	0.00000
SRR6145058	Candidatus Paracaedibacter	1521255	G	2	0	2	0.00000
SRR6145058	Candidatus Nitrotoga	453161	G	2	0	2	0.00000
SRR6145058	Candidatus Hodgkinia	573657	G	2	0	2	0.00000
SRR6145058	Candidatus Gullanella	1906661	G	2	0	2	0.00000
SRR6145058	Candidatus Evansia	1495768	G	2	0	2	0.00000
SRR6145058	Candidatus Endolissoclinum	1263978	G	2	0	2	0.00000
SRR6145058	Candidatus Doolittlea	1906657	G	2	0	2	0.00000
SRR6145058	Candidatus Deianiraea	2603321	G	2	0	2	0.00000
SRR6145058	Candidatus Cloacimonas	456826	G	2	0	2	0.00000
SRR6145058	Candidatus Amoebophilus	281119	G	2	0	2	0.00000
SRR6145058	Candidatus Walczuchella	1940138	G	1	0	1	0.00000
SRR6145058	Candidatus Sneabacter	2601645	G	1	0	1	0.00000
SRR6145058	Candidatus Ruthia	1541743	G	1	0	1	0.00000
SRR6145058	Candidatus Riesia	401618	G	1	0	1	0.00000
SRR6145058	Candidatus Purcelliella	472825	G	1	0	1	0.00000
SRR6145058	Candidatus Nardonella	204619	G	1	0	1	0.00000
SRR6145058	Candidatus Moranella	1048757	G	1	0	1	0.00000
SRR6145058	Candidatus Mancarchaeum	2490204	G	1	0	1	0.00000
SRR6145058	Candidatus Desulfofervidus	1902583	G	1	0	1	0.00000
SRR6145058	Candidatus Cytomitobacter	2601574	G	1	0	1	0.00000
SRR6145058	Candidatus Atelocyanobacterium	1453359	G	1	0	1	0.00000
SRR6145058	Homo	9605	G	7868181	4955	7873136	0.86056
SRR6145058	Cutibacterium	1912216	G	488881	5564	494445	0.05404
SRR6145058	Staphylococcus	1279	G	93890	19305	113195	0.01237
SRR6145058	Streptococcus	1301	G	52922	3137	56059	0.00613
SRR6145058	Corynebacterium	1716	G	45905	1262	47167	0.00516
SRR6145058	Micrococcus	1269	G	42098	2866	44964	0.00491
SRR6145058	Moraxella	475	G	37101	1114	38215	0.00418
SRR6145058	Actinomyces	1654	G	30770	797	31567	0.00345
SRR6145058	Acinetobacter	469	G	27729	1954	29683	0.00324
SRR6145058	Neisseria	482	G	15693	1045	16738	0.00183
SRR6145058	Gordonia	2053	G	12694	536	13230	0.00145
SRR6145058	Paracoccus	265	G	11966	1046	13012	0.00142
SRR6145058	Chryseobacterium	59732	G	12114	807	12921	0.00141
SRR6145058	Pseudomonas	286	G	11827	657	12484	0.00136
SRR6145058	Paraburkholderia	1822464	G	11591	536	12127	0.00133
SRR6145058	Tsukamurella	2060	G	9649	358	10007	0.00109
SRR6145058	Rothia	32207	G	9748	148	9896	0.00108
SRR6145058	Dietzia	37914	G	8042	840	8882	0.00097
SRR6145058	Mycolicibacterium	1866885	G	7472	1133	8605	0.00094
SRR6145058	Haemophilus	724	G	8175	447	8622	0.00094
SRR6145058	Brevundimonas	41275	G	8037	502	8539	0.00093
SRR6145058	Streptomyces	1883	G	8048	179	8227	0.00090
SRR6145058	Kocuria	57493	G	7635	319	7954	0.00087
SRR6145058	Deinococcus	1298	G	7276	11	7287	0.00080
SRR6145058	Sphingomonas	13687	G	6354	672	7026	0.00077
SRR6145058	Janibacter	53457	G	6116	310	6426	0.00070
SRR6145058	Microbacterium	33882	G	5505	402	5907	0.00065
SRR6145058	Biseptimavirus	1623274	G	9	5927	5936	0.00065
SRR6145058	Bosea	85413	G	5411	336	5747	0.00063
SRR6145058	Prevotella	838	G	5547	138	5685	0.00062
SRR6145058	Veillonella	29465	G	5609	13	5622	0.00061
SRR6145058	Rhodococcus	1827	G	4989	226	5215	0.00057
SRR6145058	Stenotrophomonas	40323	G	4632	526	5158	0.00056
SRR6145058	Mycobacterium	1763	G	3877	1219	5096	0.00056
SRR6145058	Gemella	1378	G	4899	108	5007	0.00055
SRR6145058	Kytococcus	57499	G	4494	292	4786	0.00052
SRR6145058	Dermacoccus	57495	G	4590	185	4775	0.00052
SRR6145058	Methylobacterium	407	G	4308	375	4683	0.00051
SRR6145058	Pahexavirus	1982251	G	3219	1139	4358	0.00048
SRR6145058	Capnocytophaga	1016	G	4225	44	4269	0.00047
SRR6145058	Klebsiella	570	G	2849	1153	4002	0.00044
SRR6145058	Halomonas	2745	G	3727	75	3802	0.00042
SRR6145058	Leptotrichia	32067	G	3608	26	3634	0.00040
SRR6145058	Brevibacterium	1696	G	3327	118	3445	0.00038
SRR6145058	Finegoldia	150022	G	2931	272	3203	0.00035
SRR6145058	Serratia	613	G	2833	230	3063	0.00033
SRR6145058	Lautropia	47670	G	2753	159	2912	0.00032
SRR6145058	Sphingobacterium	28453	G	2683	95	2778	0.00030
SRR6145058	Fusobacterium	848	G	2692	13	2705	0.00030
SRR6145058	Bradyrhizobium	374	G	2531	203	2734	0.00030
SRR6145058	Roseomonas	125216	G	2239	321	2560	0.00028
SRR6145058	Nocardioides	1839	G	2485	117	2602	0.00028
SRR6145058	Sphingobium	165695	G	1872	585	2457	0.00027
SRR6145058	Lysobacter	68	G	2267	92	2359	0.00026
SRR6145058	Rhizobium	379	G	1463	792	2255	0.00025
SRR6145058	Schaalia	2529408	G	2170	40	2210	0.00024
SRR6145058	Escherichia	561	G	142	2011	2153	0.00024
SRR6145058	Brachybacterium	43668	G	2201	35	2236	0.00024
SRR6145058	Nocardia	1817	G	1892	77	1969	0.00022
SRR6145058	Burkholderia	32008	G	1793	136	1929	0.00021
SRR6145058	Xanthomonas	338	G	1728	126	1854	0.00020
SRR6145058	Lactobacillus	1578	G	1610	167	1777	0.00019
SRR6145058	Dolosigranulum	29393	G	1638	24	1662	0.00018
SRR6145058	Acidovorax	12916	G	1163	518	1681	0.00018
SRR6145058	Delftia	80865	G	1130	332	1462	0.00016
SRR6145058	Bacillus	1386	G	1348	154	1502	0.00016
SRR6145058	Lawsonella	1847725	G	1317	23	1340	0.00015
SRR6145058	Sphingopyxis	165697	G	1082	174	1256	0.00014
SRR6145058	Massilia	149698	G	1168	102	1270	0.00014
SRR6145058	Variovorax	34072	G	1078	83	1161	0.00013
SRR6145058	Rhodobacter	1060	G	818	382	1200	0.00013
SRR6145058	Micromonospora	1873	G	1096	84	1180	0.00013
SRR6145058	Enterobacter	547	G	970	178	1148	0.00013
SRR6145058	Porphyromonas	836	G	1025	60	1085	0.00012
SRR6145058	Mesorhizobium	68287	G	1036	85	1121	0.00012
SRR6145058	Exiguobacterium	33986	G	1107	9	1116	0.00012
SRR6145058	Caulobacter	75	G	1023	34	1057	0.00012
SRR6145058	Pseudonocardia	1847	G	983	35	1018	0.00011
SRR6145058	Cupriavidus	106589	G	931	108	1039	0.00011
SRR6145058	Arthrobacter	1663	G	935	43	978	0.00011
SRR6145058	Aeromonas	642	G	890	105	995	0.00011
SRR6145058	Mycobacteroides	670516	G	505	452	957	0.00010
SRR6145058	Methylorubrum	2282523	G	657	266	923	0.00010
SRR6145058	Luteimonas	83614	G	837	45	882	0.00010
SRR6145058	Campylobacter	194	G	875	5	880	0.00010
SRR6145058	Aquabacterium	92793	G	749	123	872	0.00010
SRR6145058	Aggregatibacter	416916	G	852	34	886	0.00010
SRR6145058	Tannerella	195950	G	824	26	850	0.00009
SRR6145058	Sulfitobacter	60136	G	223	617	840	0.00009
SRR6145058	Novosphingobium	165696	G	689	119	808	0.00009
SRR6145058	Hydrogenophaga	47420	G	749	117	866	0.00009
SRR6145058	Comamonas	283	G	728	100	828	0.00009
SRR6145058	Achromobacter	222	G	690	132	822	0.00009
SRR6145058	Serinicoccus	265976	G	663	52	715	0.00008
SRR6145058	Pseudopropionibacterium	1912217	G	704	6	710	0.00008
SRR6145058	Azospirillum	191	G	701	41	742	0.00008
SRR6145058	Aerococcus	1375	G	693	41	734	0.00008
SRR6145058	Treponema	157	G	599	2	601	0.00007
SRR6145058	Propionibacterium	1743	G	591	68	659	0.00007
SRR6145058	Peptoniphilus	162289	G	650	30	680	0.00007
SRR6145058	Pantoea	53335	G	550	64	614	0.00007
SRR6145058	Isosphaera	127	G	5	672	677	0.00007
SRR6145058	Clostridium	1485	G	599	30	629	0.00007
SRR6145058	Cellulomonas	1707	G	620	25	645	0.00007
SRR6145058	Amycolatopsis	1813	G	680	-66	614	0.00007
SRR6145058	Agrobacterium	357	G	567	119	686	0.00007
SRR6145058	Acidipropionibacterium	1912215	G	634	24	658	0.00007
SRR6145058	Abiotrophia	46123	G	660	6	666	0.00007
SRR6145058	Tessaracoccus	72763	G	523	21	544	0.00006
SRR6145058	Selenomonas	970	G	510	1	511	0.00006
SRR6145058	Ralstonia	48736	G	450	71	521	0.00006
SRR6145058	Pauljensenia	2740557	G	556	33	589	0.00006
SRR6145058	Ornithinimicrobium	125287	G	524	50	574	0.00006
SRR6145058	Epidermidibacterium	2078948	G	528	5	533	0.00006
SRR6145058	Cardiobacterium	2717	G	519	12	531	0.00006
SRR6145058	Anaerococcus	165779	G	542	33	575	0.00006
SRR6145058	Altererythrobacter	361177	G	486	41	527	0.00006
SRR6145058	Actinoplanes	1865	G	510	12	522	0.00006
SRR6145058	Salmonella	590	G	55	431	486	0.00005
SRR6145058	Rathayibacter	33886	G	455	25	480	0.00005
SRR6145058	Pseudoxanthomonas	83618	G	413	45	458	0.00005
SRR6145058	Phycicoccus	367298	G	395	22	417	0.00005
SRR6145058	Ottowia	219181	G	420	16	436	0.00005
SRR6145058	Nakamurella	53460	G	419	7	426	0.00005
SRR6145058	Leuconostoc	1243	G	456	18	474	0.00005
SRR6145058	Gardnerella	2701	G	485	7	492	0.00005
SRR6145058	Flavobacterium	237	G	424	4	428	0.00005
SRR6145058	Erythrobacter	1041	G	419	70	489	0.00005
SRR6145058	Diaphorobacter	238749	G	147	266	413	0.00005
SRR6145058	Curtobacterium	2034	G	409	19	428	0.00005
SRR6145058	Bordetella	517	G	438	61	499	0.00005
SRR6145058	Bifidobacterium	1678	G	474	-14	460	0.00005
SRR6145058	Bacteroides	816	G	426	27	453	0.00005
SRR6145058	Agromyces	33877	G	397	26	423	0.00005
SRR6145058	Aeromicrobium	2040	G	444	16	460	0.00005
SRR6145058	Sinorhizobium	28105	G	296	50	346	0.00004
SRR6145058	Rhodopseudomonas	1073	G	313	52	365	0.00004
SRR6145058	Rhodoferax	28065	G	344	26	370	0.00004
SRR6145058	Porphyrobacter	1111	G	348	60	408	0.00004
SRR6145058	Phietavirus	1623298	G	27	373	400	0.00004
SRR6145058	Paenibacillus	44249	G	359	19	378	0.00004
SRR6145058	Olsenella	133925	G	354	5	359	0.00004
SRR6145058	Microlunatus	29404	G	320	2	322	0.00004
SRR6145058	Lactococcus	1357	G	284	126	410	0.00004
SRR6145058	Hymenobacter	89966	G	370	4	374	0.00004
SRR6145058	Frankia	1854	G	337	2	339	0.00004
SRR6145058	Enterococcus	1350	G	297	26	323	0.00004
SRR6145058	Elizabethkingia	308865	G	311	23	334	0.00004
SRR6145058	Eikenella	538	G	370	25	395	0.00004
SRR6145058	Dermabacter	36739	G	344	37	381	0.00004
SRR6145058	Cellvibrio	10	G	373	1	374	0.00004
SRR6145058	Calothrix	1186	G	367	4	371	0.00004
SRR6145058	Brachyspira	29521	G	21	327	348	0.00004
SRR6145058	Agrococcus	46352	G	384	25	409	0.00004
SRR6145058	Actinomadura	1988	G	331	18	349	0.00004
SRR6145058	Acetobacter	434	G	345	19	364	0.00004
SRR6145058	Vibrio	662	G	225	7	232	0.00003
SRR6145058	Thermomonas	141948	G	249	20	269	0.00003
SRR6145058	Thauera	33057	G	254	45	299	0.00003
SRR6145058	Sorangium	39643	G	303	8	311	0.00003
SRR6145058	Saccharomonospora	1851	G	253	20	273	0.00003
SRR6145058	Rubrobacter	42255	G	246	0	246	0.00003
SRR6145058	Roseovarius	74030	G	213	38	251	0.00003
SRR6145058	Raoultella	160674	G	293	23	316	0.00003
SRR6145058	Psychrobacter	497	G	268	14	282	0.00003
SRR6145058	Pseudarthrobacter	1742993	G	283	10	293	0.00003
SRR6145058	Pandoraea	93217	G	223	9	232	0.00003
SRR6145058	Paenalcaligenes	1100891	G	1	304	305	0.00003
SRR6145058	Nonomuraea	83681	G	228	6	234	0.00003
SRR6145058	Mogibacterium	86331	G	161	109	270	0.00003
SRR6145058	Microvirga	186650	G	247	13	260	0.00003
SRR6145058	Leifsonia	110932	G	277	12	289	0.00003
SRR6145058	Lachnoanaerobaculum	1164882	G	151	149	300	0.00003
SRR6145058	Kitasatospora	2063	G	180	54	234	0.00003
SRR6145058	Janthinobacterium	29580	G	243	19	262	0.00003
SRR6145058	Herbaspirillum	963	G	252	17	269	0.00003
SRR6145058	Haematobacter	366614	G	211	55	266	0.00003
SRR6145058	Glutamicibacter	1742989	G	296	9	305	0.00003
SRR6145058	Georgenia	154116	G	254	6	260	0.00003
SRR6145058	Geodermatophilus	1860	G	219	18	237	0.00003
SRR6145058	Friedmanniella	53387	G	287	8	295	0.00003
SRR6145058	Frateuria	70411	G	224	7	231	0.00003
SRR6145058	Ensifer	106591	G	277	33	310	0.00003
SRR6145058	Empedobacter	59734	G	143	103	246	0.00003
SRR6145058	Citrobacter	544	G	226	48	274	0.00003
SRR6145058	Cellulosimicrobium	157920	G	268	11	279	0.00003
SRR6145058	Celeribacter	875170	G	198	75	273	0.00003
SRR6145058	Azoarcus	12960	G	226	37	263	0.00003
SRR6145058	Arsenicicoccus	267408	G	221	14	235	0.00003
SRR6145058	Xanthobacter	279	G	150	29	179	0.00002
SRR6145058	Streptosporangium	2000	G	141	4	145	0.00002
SRR6145058	Starkeya	152053	G	142	21	163	0.00002
SRR6145058	Spirosoma	107	G	168	3	171	0.00002
SRR6145058	Sphingosinicella	335405	G	159	2	161	0.00002
SRR6145058	Sphaerotilus	34102	G	144	29	173	0.00002
SRR6145058	Skermanella	204447	G	182	9	191	0.00002
SRR6145058	Shinella	323620	G	148	51	199	0.00002
SRR6145058	Shewanella	22	G	206	13	219	0.00002
SRR6145058	Saccharothrix	2071	G	206	20	226	0.00002
SRR6145058	Saccharopolyspora	1835	G	207	9	216	0.00002
SRR6145058	Rubrivivax	28067	G	163	26	189	0.00002
SRR6145058	Roseateles	93681	G	126	16	142	0.00002
SRR6145058	Rickettsia	780	G	161	-1	160	0.00002
SRR6145058	Rhodovulum	34008	G	201	25	226	0.00002
SRR6145058	Rhizorhabdus	1649486	G	111	66	177	0.00002
SRR6145058	Rhizobacter	212743	G	146	15	161	0.00002
SRR6145058	Ramlibacter	174951	G	186	14	200	0.00002
SRR6145058	Proteus	583	G	182	24	206	0.00002
SRR6145058	Protaetiibacter	2680004	G	124	15	139	0.00002
SRR6145058	Pluralibacter	1330546	G	103	95	198	0.00002
SRR6145058	Plantactinospora	673534	G	131	7	138	0.00002
SRR6145058	Pimelobacter	2044	G	151	29	180	0.00002
SRR6145058	Phytohabitans	907364	G	159	4	163	0.00002
SRR6145058	Phreatobacter	1632780	G	203	6	209	0.00002
SRR6145058	Phenylobacterium	20	G	209	10	219	0.00002
SRR6145058	Paucibacter	318147	G	124	14	138	0.00002
SRR6145058	Parvimonas	543311	G	205	17	222	0.00002
SRR6145058	Pannonibacter	227873	G	145	48	193	0.00002
SRR6145058	Ochrobactrum	528	G	112	33	145	0.00002
SRR6145058	Nocardiopsis	2013	G	190	8	198	0.00002
SRR6145058	Neorhizobium	1525371	G	135	7	142	0.00002
SRR6145058	Mycolicibacter	1073531	G	211	10	221	0.00002
SRR6145058	Modestobacter	88138	G	196	13	209	0.00002
SRR6145058	Mitsuaria	65047	G	204	24	228	0.00002
SRR6145058	Miniimonas	947525	G	186	10	196	0.00002
SRR6145058	Micropruina	116071	G	171	3	174	0.00002
SRR6145058	Methylibium	316612	G	189	26	215	0.00002
SRR6145058	Marmoricola	86795	G	172	26	198	0.00002
SRR6145058	Marinobacter	2742	G	148	3	151	0.00002
SRR6145058	Luteipulveratus	745364	G	143	1	144	0.00002
SRR6145058	Leucobacter	55968	G	171	7	178	0.00002
SRR6145058	Leptothrix	88	G	139	24	163	0.00002
SRR6145058	Leclercia	83654	G	149	21	170	0.00002
SRR6145058	Jiangella	281472	G	214	3	217	0.00002
SRR6145058	Isoptericola	254250	G	136	9	145	0.00002
SRR6145058	Intrasporangium	53357	G	140	4	144	0.00002
SRR6145058	Humibacter	427753	G	82	134	216	0.00002
SRR6145058	Gluconobacter	441	G	178	13	191	0.00002
SRR6145058	Frondihabitans	447237	G	98	104	202	0.00002
SRR6145058	Filifactor	44259	G	164	12	176	0.00002
SRR6145058	Duganella	75654	G	164	25	189	0.00002
SRR6145058	Devosia	46913	G	187	8	195	0.00002
SRR6145058	Desulfovibrio	872	G	141	3	144	0.00002
SRR6145058	Defluviimonas	1097466	G	156	34	190	0.00002
SRR6145058	Croceicoccus	1295327	G	103	77	180	0.00002
SRR6145058	Corallococcus	83461	G	178	24	202	0.00002
SRR6145058	Cnuibacter	1759331	G	27	120	147	0.00002
SRR6145058	Cloacibacterium	501783	G	186	10	196	0.00002
SRR6145058	Clavibacter	1573	G	192	11	203	0.00002
SRR6145058	Chromobacterium	535	G	153	8	161	0.00002
SRR6145058	Chelatococcus	28209	G	150	16	166	0.00002
SRR6145058	Blastococcus	38501	G	192	14	206	0.00002
SRR6145058	Asticcacaulis	76890	G	111	46	157	0.00002
SRR6145058	Anaeromyxobacter	161492	G	137	1	138	0.00002
SRR6145058	Anaerocolumna	1843210	G	2	193	195	0.00002
SRR6145058	Alicycliphilus	201096	G	118	100	218	0.00002
SRR6145058	Actinosynnema	40566	G	138	13	151	0.00002
SRR6145058	Actinoalloteichus	65496	G	148	3	151	0.00002
SRR6145058	Zhihengliuella	370735	G	72	35	107	0.00001
SRR6145058	Yoonia	2211641	G	39	9	48	0.00001
SRR6145058	Yersinia	629	G	51	11	62	0.00001
SRR6145058	Yangia	354203	G	121	7	128	0.00001
SRR6145058	Xylophilus	54066	G	76	12	88	0.00001
SRR6145058	Xylanimonas	186188	G	99	9	108	0.00001
SRR6145058	Xylanimicrobium	289244	G	67	15	82	0.00001
SRR6145058	Xenorhabdus	626	G	17	55	72	0.00001
SRR6145058	Weissella	46255	G	123	2	125	0.00001
SRR6145058	Vitreoscilla	59	G	51	1	52	0.00001
SRR6145058	Verminephrobacter	364316	G	54	1	55	0.00001
SRR6145058	Variibacter	1649510	G	46	46	92	0.00001
SRR6145058	Trueperella	1069494	G	44	2	46	0.00001
SRR6145058	Tomitella	741759	G	85	2	87	0.00001
SRR6145058	Tistrella	171436	G	58	8	66	0.00001
SRR6145058	Thiomonas	32012	G	97	1	98	0.00001
SRR6145058	Thiodictyon	53392	G	32	25	57	0.00001
SRR6145058	Thioclava	285107	G	47	4	51	0.00001
SRR6145058	Thioalkalivibrio	106633	G	79	3	82	0.00001
SRR6145058	Thermus	270	G	50	0	50	0.00001
SRR6145058	Thermomonospora	2019	G	45	5	50	0.00001
SRR6145058	Thermobispora	147067	G	47	35	82	0.00001
SRR6145058	Thermaerobacter	73918	G	49	0	49	0.00001
SRR6145058	Tetrasphaera	99479	G	120	6	126	0.00001
SRR6145058	Tatumella	82986	G	101	2	103	0.00001
SRR6145058	Tardiphaga	1395974	G	55	8	63	0.00001
SRR6145058	Tardibacter	2685927	G	47	32	79	0.00001
SRR6145058	Tabrizicola	1443919	G	89	3	92	0.00001
SRR6145058	Synechococcus	1129	G	104	4	108	0.00001
SRR6145058	Streptomonospora	104204	G	69	4	73	0.00001
SRR6145058	Streptacidiphilus	228398	G	61	2	63	0.00001
SRR6145058	Sterolibacterium	157591	G	18	66	84	0.00001
SRR6145058	Stella	93	G	64	1	65	0.00001
SRR6145058	Stappia	152161	G	83	2	85	0.00001
SRR6145058	Stackebrandtia	283810	G	49	0	49	0.00001
SRR6145058	Sphingosinithalassobacter	2676233	G	85	20	105	0.00001
SRR6145058	Sphingorhabdus	1434046	G	105	0	105	0.00001
SRR6145058	Solimonas	413435	G	76	2	78	0.00001
SRR6145058	Skunavirus	1623305	G	38	32	70	0.00001
SRR6145058	Sinomonas	596707	G	90	1	91	0.00001
SRR6145058	Silicimonas	1955420	G	62	1	63	0.00001
SRR6145058	Sextaecvirus	1922243	G	79	1	80	0.00001
SRR6145058	Serpentinomonas	2490452	G	97	5	102	0.00001
SRR6145058	Scytonema	1203	G	67	6	73	0.00001
SRR6145058	Sanguibacter	60919	G	132	4	136	0.00001
SRR6145058	Sandaracinus	1055688	G	70	0	70	0.00001
SRR6145058	Salipiger	263377	G	74	36	110	0.00001
SRR6145058	Salinispora	168694	G	59	2	61	0.00001
SRR6145058	Salinicoccus	45669	G	49	0	49	0.00001
SRR6145058	Salinibacterium	235888	G	88	2	90	0.00001
SRR6145058	Sagittula	58842	G	83	47	130	0.00001
SRR6145058	Ruegeria	97050	G	96	7	103	0.00001
SRR6145058	Ruania	626119	G	52	0	52	0.00001
SRR6145058	Roseivivax	93682	G	88	17	105	0.00001
SRR6145058	Riemerella	34084	G	52	5	57	0.00001
SRR6145058	Rhodospirillum	1081	G	89	8	97	0.00001
SRR6145058	Rhodoplanes	29407	G	65	3	68	0.00001
SRR6145058	Rhodanobacter	75309	G	45	1	46	0.00001
SRR6145058	Rheinheimera	67575	G	109	1	110	0.00001
SRR6145058	Raineyella	1911549	G	76	0	76	0.00001
SRR6145058	Rahnella	34037	G	62	1	63	0.00001
SRR6145058	Qipengyuania	1855416	G	81	3	84	0.00001
SRR6145058	Pulveribacter	2678886	G	94	12	106	0.00001
SRR6145058	Pseudolabrys	556257	G	88	6	94	0.00001
SRR6145058	Pseudoalteromonas	53246	G	131	4	135	0.00001
SRR6145058	Pseudenhygromyxa	1324129	G	60	0	60	0.00001
SRR6145058	Pseudactinotalea	1926259	G	73	1	74	0.00001
SRR6145058	Propionimicrobium	203133	G	83	2	85	0.00001
SRR6145058	Propioniciclava	1085622	G	118	6	124	0.00001
SRR6145058	Pontibacter	323449	G	50	1	51	0.00001
SRR6145058	Polynucleobacter	44013	G	53	1	54	0.00001
SRR6145058	Polymorphum	991903	G	65	6	71	0.00001
SRR6145058	Polaromonas	52972	G	135	2	137	0.00001
SRR6145058	Polaribacter	52959	G	58	0	58	0.00001
SRR6145058	Plantibacter	190323	G	112	4	116	0.00001
SRR6145058	Planococcus	1372	G	50	1	51	0.00001
SRR6145058	Planctomyces	118	G	110	2	112	0.00001
SRR6145058	Pigmentiphaga	152267	G	79	2	81	0.00001
SRR6145058	Phaeobacter	302485	G	111	22	133	0.00001
SRR6145058	Pelagibaca	360528	G	56	22	78	0.00001
SRR6145058	Pedobacter	84567	G	100	0	100	0.00001
SRR6145058	Pectobacterium	122277	G	114	3	117	0.00001
SRR6145058	Pasteurella	745	G	83	21	104	0.00001
SRR6145058	Parvibaculum	256616	G	37	11	48	0.00001
SRR6145058	Parascardovia	196082	G	96	0	96	0.00001
SRR6145058	Paraoceanicella	2683599	G	97	17	114	0.00001
SRR6145058	Paenarthrobacter	1742992	G	15	47	62	0.00001
SRR6145058	Opitutus	178440	G	39	24	63	0.00001
SRR6145058	Olivibacter	376469	G	26	33	59	0.00001
SRR6145058	Oligotropha	40136	G	35	11	46	0.00001
SRR6145058	Oerskovia	162491	G	56	2	58	0.00001
SRR6145058	Octadecabacter	53945	G	58	3	61	0.00001
SRR6145058	Nostoc	1177	G	125	11	136	0.00001
SRR6145058	Niveispirillum	1543704	G	50	42	92	0.00001
SRR6145058	Nitrospirillum	1543705	G	53	2	55	0.00001
SRR6145058	Nitrobacter	911	G	66	5	71	0.00001
SRR6145058	Nitratireductor	245876	G	76	6	82	0.00001
SRR6145058	Nesterenkonia	57494	G	57	0	57	0.00001
SRR6145058	Neomicrococcus	1868332	G	52	1	53	0.00001
SRR6145058	Myxococcus	32	G	115	14	129	0.00001
SRR6145058	Myroides	76831	G	50	2	52	0.00001
SRR6145058	Mycoplasma	2093	G	110	1	111	0.00001
SRR6145058	Mycolicibacillus	2126281	G	54	7	61	0.00001
SRR6145058	Mucilaginibacter	423349	G	105	0	105	0.00001
SRR6145058	Mobiluncus	2050	G	49	1	50	0.00001
SRR6145058	Mobilicoccus	984996	G	82	0	82	0.00001
SRR6145058	Mixta	2100764	G	78	10	88	0.00001
SRR6145058	Minicystis	1649470	G	87	1	88	0.00001
SRR6145058	Microterricola	518733	G	103	7	110	0.00001
SRR6145058	Microcella	337004	G	63	3	66	0.00001
SRR6145058	Microbulbifer	48073	G	54	0	54	0.00001
SRR6145058	Methyloversatilis	378210	G	37	34	71	0.00001
SRR6145058	Methylosinus	425	G	75	5	80	0.00001
SRR6145058	Methylocystis	133	G	108	4	112	0.00001
SRR6145058	Methylocella	120652	G	50	2	52	0.00001
SRR6145058	Melittangium	44	G	41	6	47	0.00001
SRR6145058	Melaminivora	1649468	G	97	27	124	0.00001
SRR6145058	Meiothermus	65551	G	79	0	79	0.00001
SRR6145058	Martelella	293088	G	85	12	97	0.00001
SRR6145058	Maritalea	623276	G	7	111	118	0.00001
SRR6145058	Marinovum	367771	G	62	21	83	0.00001
SRR6145058	Mameliella	1434019	G	62	11	73	0.00001
SRR6145058	Magnetospirillum	13134	G	115	2	117	0.00001
SRR6145058	Macrococcus	69965	G	98	3	101	0.00001
SRR6145058	Lysinimonas	1434018	G	58	6	64	0.00001
SRR6145058	Luteimicrobium	754249	G	58	1	59	0.00001
SRR6145058	Luteibacter	242605	G	55	1	56	0.00001
SRR6145058	Limnoglobus	2731450	G	52	55	107	0.00001
SRR6145058	Lentzea	165301	G	100	6	106	0.00001
SRR6145058	Leisingera	191028	G	105	10	115	0.00001
SRR6145058	Legionella	445	G	85	0	85	0.00001
SRR6145058	Lacipirellula	2691417	G	30	29	59	0.00001
SRR6145058	Labrys	204476	G	65	2	67	0.00001
SRR6145058	Labrenzia	478070	G	108	1	109	0.00001
SRR6145058	Labilithrix	1524217	G	56	0	56	0.00001
SRR6145058	Kutzneria	43356	G	68	3	71	0.00001
SRR6145058	Kribbella	182639	G	89	2	91	0.00001
SRR6145058	Kosakonia	1330547	G	83	3	86	0.00001
SRR6145058	Komagataeibacter	1434011	G	118	11	129	0.00001
SRR6145058	Kingella	32257	G	55	1	56	0.00001
SRR6145058	Kineococcus	33981	G	90	2	92	0.00001
SRR6145058	Kibdelosporangium	2029	G	88	3	91	0.00001
SRR6145058	Ketogulonicigenium	92944	G	59	2	61	0.00001
SRR6145058	Jeotgalibaca	1470540	G	45	2	47	0.00001
SRR6145058	Jatrophihabitans	1434010	G	41	37	78	0.00001
SRR6145058	Inhella	644355	G	86	8	94	0.00001
SRR6145058	Hyphomonas	85	G	59	0	59	0.00001
SRR6145058	Hyphomicrobium	81	G	103	3	106	0.00001
SRR6145058	Hypericibacter	2705399	G	100	2	102	0.00001
SRR6145058	Hylemonella	232523	G	63	2	65	0.00001
SRR6145058	Hydrogenophilus	70774	G	71	1	72	0.00001
SRR6145058	Herbiconiux	881616	G	68	4	72	0.00001
SRR6145058	Helicobacter	209	G	57	0	57	0.00001
SRR6145058	Hartmannibacter	1572860	G	54	4	58	0.00001
SRR6145058	Halovulum	1844498	G	64	3	67	0.00001
SRR6145058	Halorubrum	56688	G	79	7	86	0.00001
SRR6145058	Halobacterium	2239	G	50	9	59	0.00001
SRR6145058	Haloactinobacterium	1331737	G	67	0	67	0.00001
SRR6145058	Haliangium	162027	G	50	0	50	0.00001
SRR6145058	Gryllotalpicola	1195526	G	52	2	54	0.00001
SRR6145058	Gluconacetobacter	89583	G	45	1	46	0.00001
SRR6145058	Glaesserella	2094023	G	20	29	49	0.00001
SRR6145058	Georhizobium	2661800	G	40	6	46	0.00001
SRR6145058	Geobacter	28231	G	123	1	124	0.00001
SRR6145058	Geobacillus	129337	G	85	1	86	0.00001
SRR6145058	Gemmobacter	204456	G	61	4	65	0.00001
SRR6145058	Gemmatirosa	1706036	G	78	0	78	0.00001
SRR6145058	Gemmatimonas	173479	G	56	0	56	0.00001
SRR6145058	Gemmata	113	G	101	4	105	0.00001
SRR6145058	Gammapapillomavirus	325455	G	55	0	55	0.00001
SRR6145058	Flavisolibacter	398041	G	46	1	47	0.00001
SRR6145058	Flaviflexus	1522056	G	54	1	55	0.00001
SRR6145058	Fischerella	1190	G	25	25	50	0.00001
SRR6145058	Faecalibacterium	216851	G	81	20	101	0.00001
SRR6145058	Ezakiella	1582879	G	122	15	137	0.00001
SRR6145058	Euzebya	908623	G	46	0	46	0.00001
SRR6145058	Erwinia	551	G	82	3	85	0.00001
SRR6145058	Egicoccus	1755825	G	53	0	53	0.00001
SRR6145058	Egibacter	1747770	G	34	61	95	0.00001
SRR6145058	Dyella	231454	G	68	2	70	0.00001
SRR6145058	Dokdonella	323413	G	61	1	62	0.00001
SRR6145058	Dinoroseobacter	309512	G	54	24	78	0.00001
SRR6145058	Dickeya	204037	G	86	4	90	0.00001
SRR6145058	Cystobacter	42	G	54	8	62	0.00001
SRR6145058	Cryobacterium	69578	G	113	3	116	0.00001
SRR6145058	Cronobacter	413496	G	77	5	82	0.00001
SRR6145058	Confluentimicrobium	1609958	G	54	30	84	0.00001
SRR6145058	Conexibacter	191494	G	134	1	135	0.00001
SRR6145058	Collimonas	202907	G	91	2	93	0.00001
SRR6145058	Clostridioides	1870884	G	32	25	57	0.00001
SRR6145058	Citromicrobium	72173	G	57	13	70	0.00001
SRR6145058	Chroococcidiopsis	54298	G	124	6	130	0.00001
SRR6145058	Chitinophaga	79328	G	64	1	65	0.00001
SRR6145058	Catenulispora	414878	G	69	0	69	0.00001
SRR6145058	Castellaniella	359336	G	45	6	51	0.00001
SRR6145058	Carnobacterium	2747	G	97	3	100	0.00001
SRR6145058	Buchnera	32199	G	67	-1	66	0.00001
SRR6145058	Brussowvirus	1623303	G	1	75	76	0.00001
SRR6145058	Brochothrix	2755	G	75	2	77	0.00001
SRR6145058	Brevirhabdus	1855413	G	46	18	64	0.00001
SRR6145058	Breoghania	1406135	G	57	2	59	0.00001
SRR6145058	Blastomonas	150203	G	105	5	110	0.00001
SRR6145058	Blastochloris	59282	G	100	11	111	0.00001
SRR6145058	Beutenbergia	84756	G	78	1	79	0.00001
SRR6145058	Betapapillomavirus	333922	G	88	-1	87	0.00001
SRR6145058	Bergeyella	59735	G	45	1	46	0.00001
SRR6145058	Bdellovibrio	958	G	51	0	51	0.00001
SRR6145058	Baekduia	2600304	G	98	0	98	0.00001
SRR6145058	Azotobacter	352	G	72	-13	59	0.00001
SRR6145058	Azospira	146937	G	109	16	125	0.00001
SRR6145058	Azorhizobium	6	G	94	8	102	0.00001
SRR6145058	Austwickia	1184606	G	46	0	46	0.00001
SRR6145058	Auritidibacter	1160973	G	53	0	53	0.00001
SRR6145058	Aureimonas	414371	G	71	3	74	0.00001
SRR6145058	Auraticoccus	1278221	G	105	1	106	0.00001
SRR6145058	Atopobium	1380	G	83	0	83	0.00001
SRR6145058	Aromatoleum	551759	G	20	34	54	0.00001
SRR6145058	Arenimonas	490567	G	53	2	55	0.00001
SRR6145058	Arcobacter	28196	G	92	10	102	0.00001
SRR6145058	Archangium	47	G	45	3	48	0.00001
SRR6145058	Aquitalea	407217	G	53	3	56	0.00001
SRR6145058	Aquisphaera	1511635	G	67	1	68	0.00001
SRR6145058	Ancylobacter	99	G	115	22	137	0.00001
SRR6145058	Anabaena	1163	G	11	52	63	0.00001
SRR6145058	Aminobacter	31988	G	92	20	112	0.00001
SRR6145058	Alteromonas	226	G	55	4	59	0.00001
SRR6145058	Allokutzneria	1137960	G	82	5	87	0.00001
SRR6145058	Alloactinosynnema	674734	G	67	4	71	0.00001
SRR6145058	Alistipes	239759	G	82	5	87	0.00001
SRR6145058	Alcanivorax	59753	G	95	3	98	0.00001
SRR6145058	Alcaligenes	507	G	110	9	119	0.00001
SRR6145058	Afipia	1033	G	36	30	66	0.00001
SRR6145058	Aerosticca	2707020	G	45	18	63	0.00001
SRR6145058	Actinopolymorpha	117156	G	60	0	60	0.00001
SRR6145058	Actinobacillus	713	G	49	1	50	0.00001
SRR6145058	Acidiphilium	522	G	59	48	107	0.00001
SRR6145058	Zymomonas	541	G	11	3	14	0.00000
SRR6145058	Zymobacter	33073	G	19	0	19	0.00000
SRR6145058	Zunongwangia	417127	G	14	1	15	0.00000
SRR6145058	Zobellia	112040	G	9	0	9	0.00000
SRR6145058	Zobellella	347533	G	22	0	22	0.00000
SRR6145058	Zhongshania	1434050	G	3	0	3	0.00000
SRR6145058	Youhaiella	1827478	G	37	3	40	0.00000
SRR6145058	Yoloswagvirus	2733142	G	2	0	2	0.00000
SRR6145058	Yokenella	158876	G	3	0	3	0.00000
SRR6145058	Xylella	2370	G	7	0	7	0.00000
SRR6145058	Wphvirus	1922327	G	1	0	1	0.00000
SRR6145058	Woodruffvirus	1982745	G	1	-1	0	0.00000
SRR6145058	Wolinella	843	G	2	0	2	0.00000
SRR6145058	Wolbachia	953	G	16	0	16	0.00000
SRR6145058	Woeseia	1738655	G	4	0	4	0.00000
SRR6145058	Wizardvirus	2169658	G	2	0	2	0.00000
SRR6145058	Winogradskyella	286104	G	18	0	18	0.00000
SRR6145058	Wildcatvirus	1993858	G	1	0	1	0.00000
SRR6145058	Wigglesworthia	51228	G	4	4	8	0.00000
SRR6145058	Whispovirus	249585	G	2	0	2	0.00000
SRR6145058	Wenzhouxiangella	1676142	G	19	0	19	0.00000
SRR6145058	Wenyingzhuangia	1518147	G	5	0	5	0.00000
SRR6145058	Weeksella	1013	G	10	0	10	0.00000
SRR6145058	Weaselvirus	2560253	G	1	0	1	0.00000
SRR6145058	Vulgatibacter	1524214	G	24	0	24	0.00000
SRR6145058	Vulcanisaeta	164450	G	2	0	2	0.00000
SRR6145058	Vogesella	57739	G	35	2	37	0.00000
SRR6145058	Vividuovirus	2560251	G	1	-1	0	0.00000
SRR6145058	Virgibacillus	84406	G	32	0	32	0.00000
SRR6145058	Verrucosispora	84593	G	39	6	45	0.00000
SRR6145058	Verrucomicrobium	2735	G	34	0	34	0.00000
SRR6145058	Varicellovirus	10319	G	1	0	1	0.00000
SRR6145058	Vampirococcus	1930592	G	1	0	1	0.00000
SRR6145058	Vagococcus	2737	G	43	1	44	0.00000
SRR6145058	Ureibacillus	160795	G	5	0	5	0.00000
SRR6145058	Urechidicola	2700084	G	4	0	4	0.00000
SRR6145058	Ureaplasma	2129	G	7	0	7	0.00000
SRR6145058	Undibacterium	401469	G	14	0	14	0.00000
SRR6145058	Twortvirus	1857846	G	1	0	1	0.00000
SRR6145058	Tuwongella	2051044	G	10	0	10	0.00000
SRR6145058	Turneriella	338321	G	7	0	7	0.00000
SRR6145058	Turicibacter	191303	G	12	0	12	0.00000
SRR6145058	Tumebacillus	432330	G	14	0	14	0.00000
SRR6145058	Tulanevirus	2560244	G	2	-2	0	0.00000
SRR6145058	Tsarbombavirus	1985181	G	1	17	18	0.00000
SRR6145058	Truepera	332248	G	34	0	34	0.00000
SRR6145058	Tropheryma	2038	G	3	-3	0	0.00000
SRR6145058	Trichormus	264688	G	3	4	7	0.00000
SRR6145058	Trichodesmium	1205	G	5	0	5	0.00000
SRR6145058	Tolypothrix	111782	G	6	3	9	0.00000
SRR6145058	Tolumonas	43947	G	4	0	4	0.00000
SRR6145058	Tissierella	41273	G	7	3	10	0.00000
SRR6145058	Tinduovirus	1982569	G	3	0	3	0.00000
SRR6145058	Timquatrovirus	1623306	G	7	0	7	0.00000
SRR6145058	Tigunavirus	2733217	G	1	0	1	0.00000
SRR6145058	Thioploca	40751	G	2	0	2	0.00000
SRR6145058	Thiomicrospira	933	G	8	0	8	0.00000
SRR6145058	Thiomicrorhabdus	2039723	G	27	2	29	0.00000
SRR6145058	Thiolapillus	1608298	G	7	0	7	0.00000
SRR6145058	Thiohalobacter	1273155	G	15	0	15	0.00000
SRR6145058	Thioflavicoccus	156885	G	13	0	13	0.00000
SRR6145058	Thiocystis	13724	G	16	0	16	0.00000
SRR6145058	Thiobacillus	919	G	18	0	18	0.00000
SRR6145058	Thermovibrio	171868	G	1	0	1	0.00000
SRR6145058	Thermotoga	2335	G	2	-2	0	0.00000
SRR6145058	Thermosynechococcus	146785	G	7	0	7	0.00000
SRR6145058	Thermosulfurimonas	1522431	G	3	0	3	0.00000
SRR6145058	Thermosulfidibacter	412592	G	5	0	5	0.00000
SRR6145058	Thermosphaera	54253	G	1	0	1	0.00000
SRR6145058	Thermosipho	2420	G	8	-2	6	0.00000
SRR6145058	Thermosediminibacter	291988	G	3	0	3	0.00000
SRR6145058	Thermoproteus	2270	G	6	0	6	0.00000
SRR6145058	Thermoplasma	2302	G	2	0	2	0.00000
SRR6145058	Thermomicrobium	499	G	5	9	14	0.00000
SRR6145058	Thermoleptolyngbya	2303528	G	4	1	5	0.00000
SRR6145058	Thermogutta	1676125	G	3	0	3	0.00000
SRR6145058	Thermogladius	477695	G	3	0	3	0.00000
SRR6145058	Thermofilum	2268	G	3	0	3	0.00000
SRR6145058	Thermodesulfovibrio	28261	G	1	0	1	0.00000
SRR6145058	Thermodesulfobium	227388	G	3	2	5	0.00000
SRR6145058	Thermodesulfobacterium	1740	G	6	0	6	0.00000
SRR6145058	Thermocrinis	75905	G	1	0	1	0.00000
SRR6145058	Thermococcus	2263	G	24	0	24	0.00000
SRR6145058	Thermochromatium	85073	G	4	0	4	0.00000
SRR6145058	Thermobifida	83677	G	23	0	23	0.00000
SRR6145058	Thermobaculum	262406	G	2	0	2	0.00000
SRR6145058	Thermobacillus	76632	G	16	0	16	0.00000
SRR6145058	Thermoanaerobacterium	28895	G	20	0	20	0.00000
SRR6145058	Thermoanaerobacter	1754	G	14	0	14	0.00000
SRR6145058	Thermoactinomyces	2023	G	3	0	3	0.00000
SRR6145058	Thermanaerovibrio	81461	G	4	0	4	0.00000
SRR6145058	Thermanaeromonas	202949	G	1	0	1	0.00000
SRR6145058	Thermacetogenium	140458	G	4	0	4	0.00000
SRR6145058	Thalassotalea	1518149	G	8	0	8	0.00000
SRR6145058	Thalassospira	168934	G	30	0	30	0.00000
SRR6145058	Thalassolituus	187492	G	10	0	10	0.00000
SRR6145058	Thalassococcus	436357	G	19	0	19	0.00000
SRR6145058	Thalassobius	335927	G	19	0	19	0.00000
SRR6145058	Tetragenococcus	51668	G	25	1	26	0.00000
SRR6145058	Teseptimavirus	110456	G	2	0	2	0.00000
SRR6145058	Terriglobus	392733	G	23	0	23	0.00000
SRR6145058	Terribacillus	459532	G	3	3	6	0.00000
SRR6145058	Teredinibacter	2425	G	3	0	3	0.00000
SRR6145058	Terasakiella	196080	G	3	0	3	0.00000
SRR6145058	Tepidiforma	2682228	G	17	0	17	0.00000
SRR6145058	Tepidanaerobacter	499228	G	5	0	5	0.00000
SRR6145058	Tenacibaculum	104267	G	44	0	44	0.00000
SRR6145058	Taylorella	29574	G	7	0	7	0.00000
SRR6145058	Tatlockia	465	G	2	0	2	0.00000
SRR6145058	Tateyamaria	299261	G	26	0	26	0.00000
SRR6145058	Tamlana	393005	G	7	0	7	0.00000
SRR6145058	Taipeivirus	2731621	G	1	0	1	0.00000
SRR6145058	Syntrophus	43773	G	5	0	5	0.00000
SRR6145058	Syntrophothermus	129001	G	2	0	2	0.00000
SRR6145058	Syntrophobotulus	51196	G	7	0	7	0.00000
SRR6145058	Syntrophobacter	29526	G	11	0	11	0.00000
SRR6145058	Synechocystis	1142	G	12	0	12	0.00000
SRR6145058	Symbiobacterium	2733	G	14	0	14	0.00000
SRR6145058	Swingsia	1649499	G	4	0	4	0.00000
SRR6145058	Svunavirus	2169625	G	1	6	7	0.00000
SRR6145058	Sutterella	40544	G	8	0	8	0.00000
SRR6145058	Sulfurovum	265570	G	2	0	2	0.00000
SRR6145058	Sulfurospirillum	57665	G	9	0	9	0.00000
SRR6145058	Sulfurivermis	2034504	G	10	1	11	0.00000
SRR6145058	Sulfuritortus	1938335	G	23	5	28	0.00000
SRR6145058	Sulfuritalea	1054211	G	28	1	29	0.00000
SRR6145058	Sulfurisphaera	69655	G	3	0	3	0.00000
SRR6145058	Sulfurimonas	202746	G	9	0	9	0.00000
SRR6145058	Sulfurihydrogenibium	212790	G	6	0	6	0.00000
SRR6145058	Sulfurifustis	1692042	G	19	0	19	0.00000
SRR6145058	Sulfuriflexus	1860077	G	9	0	9	0.00000
SRR6145058	Sulfuriferula	1778653	G	30	1	31	0.00000
SRR6145058	Sulfuricurvum	286130	G	2	0	2	0.00000
SRR6145058	Sulfuricella	935200	G	7	0	7	0.00000
SRR6145058	Sulfuricaulis	1744881	G	12	0	12	0.00000
SRR6145058	Sulfolobus	2284	G	4	0	4	0.00000
SRR6145058	Suicoccus	2689587	G	6	0	6	0.00000
SRR6145058	Sugarlandvirus	2560233	G	1	0	1	0.00000
SRR6145058	Succinivibrio	83770	G	1	0	1	0.00000
SRR6145058	Stygiolobus	41674	G	1	0	1	0.00000
SRR6145058	Streptobacillus	34104	G	12	0	12	0.00000
SRR6145058	Stigmatella	40	G	33	2	35	0.00000
SRR6145058	Steroidobacter	469322	G	20	1	21	0.00000
SRR6145058	Staphylothermus	2279	G	2	0	2	0.00000
SRR6145058	Staphylospora	2689589	G	3	0	3	0.00000
SRR6145058	Stanieria	102115	G	13	1	14	0.00000
SRR6145058	Sporosarcina	1569	G	20	0	20	0.00000
SRR6145058	Sporomusa	2375	G	4	0	4	0.00000
SRR6145058	Sporolactobacillus	2077	G	5	3	8	0.00000
SRR6145058	Spongiibacter	630749	G	9	0	9	0.00000
SRR6145058	Spiroplasma	2132	G	38	2	40	0.00000
SRR6145058	Spirochaeta	146	G	9	0	9	0.00000
SRR6145058	Spiribacter	1335745	G	27	0	27	0.00000
SRR6145058	Sphaerospermopsis	752201	G	9	1	10	0.00000
SRR6145058	Sphaerochaeta	399320	G	5	0	5	0.00000
SRR6145058	Sphaerobacter	2056	G	22	0	22	0.00000
SRR6145058	Soupsvirus	1982562	G	1	-1	0	0.00000
SRR6145058	Solitalea	929509	G	6	0	6	0.00000
SRR6145058	Solibacillus	648800	G	11	0	11	0.00000
SRR6145058	Sodalis	84565	G	20	0	20	0.00000
SRR6145058	Sobemovirus	12137	G	1	0	1	0.00000
SRR6145058	Snodgrassella	1193515	G	13	7	20	0.00000
SRR6145058	Sneathia	168808	G	29	0	29	0.00000
SRR6145058	Slackia	84108	G	6	0	6	0.00000
SRR6145058	Sinimarinibacterium	1861863	G	9	1	10	0.00000
SRR6145058	Singulisphaera	466152	G	18	0	18	0.00000
SRR6145058	Simplicispira	352450	G	41	4	45	0.00000
SRR6145058	Simplexvirus	10294	G	2	0	2	0.00000
SRR6145058	Simonsiella	71	G	29	1	30	0.00000
SRR6145058	Simkania	34093	G	1	0	1	0.00000
SRR6145058	Simiduia	447467	G	11	0	11	0.00000
SRR6145058	Silviavirus	1857889	G	4	2	6	0.00000
SRR6145058	Silvanigrella	2024975	G	4	2	6	0.00000
SRR6145058	Sideroxydans	314343	G	11	0	11	0.00000
SRR6145058	Siansivirga	1204360	G	1	0	1	0.00000
SRR6145058	Shimwellia	1335483	G	6	0	6	0.00000
SRR6145058	Shigella	620	G	1	7	8	0.00000
SRR6145058	Sepunavirus	1980928	G	31	1	32	0.00000
SRR6145058	Septimatrevirus	1921544	G	1	-1	0	0.00000
SRR6145058	Seonamhaeicola	1649495	G	3	0	3	0.00000
SRR6145058	Segniliparus	286801	G	30	0	30	0.00000
SRR6145058	Sediminispirochaeta	1911556	G	4	0	4	0.00000
SRR6145058	Sedimentisphaera	2483368	G	10	2	12	0.00000
SRR6145058	Sedimenticola	349742	G	7	0	7	0.00000
SRR6145058	Sebaldella	32068	G	8	0	8	0.00000
SRR6145058	Scottvirus	2731973	G	1	0	1	0.00000
SRR6145058	Sciuripoxvirus	2733300	G	2	0	2	0.00000
SRR6145058	Scardovia	196081	G	3	0	3	0.00000
SRR6145058	Scapunavirus	2560225	G	1	0	1	0.00000
SRR6145058	Scandinavium	2726810	G	5	0	5	0.00000
SRR6145058	Sauletekiovirus	2732050	G	1	0	1	0.00000
SRR6145058	Saprospira	1007	G	6	0	6	0.00000
SRR6145058	Sanovirus	2560222	G	5	0	5	0.00000
SRR6145058	Samistivirus	2560220	G	1	0	1	0.00000
SRR6145058	Salinivirga	1970191	G	8	0	8	0.00000
SRR6145058	Salinivibrio	51366	G	11	0	11	0.00000
SRR6145058	Salinispira	1616789	G	2	0	2	0.00000
SRR6145058	Salinisphaera	180541	G	17	0	17	0.00000
SRR6145058	Saliniradius	2661818	G	2	0	2	0.00000
SRR6145058	Salinimonas	288793	G	11	1	12	0.00000
SRR6145058	Salinigranum	1644057	G	15	0	15	0.00000
SRR6145058	Salinicola	404432	G	26	0	26	0.00000
SRR6145058	Salinibaculum	2732368	G	7	2	9	0.00000
SRR6145058	Salinibacter	146918	G	18	0	18	0.00000
SRR6145058	Salinarchaeum	1269201	G	8	0	8	0.00000
SRR6145058	Salimicrobium	351195	G	9	0	9	0.00000
SRR6145058	Salicibibacter	2685905	G	23	0	23	0.00000
SRR6145058	Salegentibacter	143222	G	16	0	16	0.00000
SRR6145058	Salarchaeum	1075398	G	8	0	8	0.00000
SRR6145058	Salaquimonas	2712688	G	10	0	10	0.00000
SRR6145058	Saccharospirillum	231683	G	5	0	5	0.00000
SRR6145058	Saccharophagus	316625	G	4	0	4	0.00000
SRR6145058	Saccharolobus	2100760	G	2	0	2	0.00000
SRR6145058	Saccharibacillus	456492	G	11	7	18	0.00000
SRR6145058	Ruthyvirus	2733207	G	1	0	1	0.00000
SRR6145058	Ruthenibacterium	1905344	G	4	0	4	0.00000
SRR6145058	Runella	105	G	38	0	38	0.00000
SRR6145058	Rummeliibacillus	648802	G	12	0	12	0.00000
SRR6145058	Ruminococcus	1263	G	22	0	22	0.00000
SRR6145058	Ruminiclostridium	1508657	G	2	0	2	0.00000
SRR6145058	Rufibacter	1379908	G	17	1	18	0.00000
SRR6145058	Rubinisphaera	1649490	G	7	0	7	0.00000
SRR6145058	Rouxiella	1565532	G	14	0	14	0.00000
SRR6145058	Roufvirus	1982370	G	1	-1	0	0.00000
SRR6145058	Roseolovirus	40272	G	1	0	1	0.00000
SRR6145058	Roseobacter	2433	G	41	0	41	0.00000
SRR6145058	Rosenblumvirus	680287	G	2	2	4	0.00000
SRR6145058	Roseitalea	1915401	G	36	2	38	0.00000
SRR6145058	Roseimicrobium	1348508	G	17	0	17	0.00000
SRR6145058	Roseimaritima	1579506	G	15	0	15	0.00000
SRR6145058	Roseiflexus	120961	G	18	0	18	0.00000
SRR6145058	Roseibacterium	159345	G	41	1	42	0.00000
SRR6145058	Roseburia	841	G	22	5	27	0.00000
SRR6145058	Romboutsia	1501226	G	20	0	20	0.00000
SRR6145058	Rodentibacter	1960084	G	11	3	14	0.00000
SRR6145058	Robiginitalea	252306	G	10	0	10	0.00000
SRR6145058	Rivularia	373984	G	12	0	12	0.00000
SRR6145058	Rippkaea	2546365	G	2	0	2	0.00000
SRR6145058	Rimavirus	2560214	G	2	0	2	0.00000
SRR6145058	Rigallicvirus	2560213	G	1	0	1	0.00000
SRR6145058	Rickettsiella	59195	G	1	0	1	0.00000
SRR6145058	Rhopapillomavirus	936057	G	1	0	1	0.00000
SRR6145058	Rhodothermus	29548	G	25	1	26	0.00000
SRR6145058	Rhodopirellula	265488	G	10	0	10	0.00000
SRR6145058	Rhodomicrobium	1068	G	20	0	20	0.00000
SRR6145058	Rhodoluna	529883	G	23	0	23	0.00000
SRR6145058	Rhodocytophaga	455076	G	7	0	7	0.00000
SRR6145058	Rhodobaca	119541	G	22	0	22	0.00000
SRR6145058	Renibacterium	1645	G	19	0	19	0.00000
SRR6145058	Reinekea	230494	G	4	0	4	0.00000
SRR6145058	Raphidiopsis	244599	G	8	0	8	0.00000
SRR6145058	Pyruvatibacter	1742974	G	22	1	23	0.00000
SRR6145058	Pyrococcus	2260	G	4	3	7	0.00000
SRR6145058	Pyrobaculum	2276	G	9	0	9	0.00000
SRR6145058	Pusillimonas	305976	G	22	21	43	0.00000
SRR6145058	Pulverervirus	2169655	G	1	-1	0	0.00000
SRR6145058	Pteropopoxvirus	2733298	G	1	0	1	0.00000
SRR6145058	Psychroserpens	49277	G	6	1	7	0.00000
SRR6145058	Psychromonas	67572	G	5	0	5	0.00000
SRR6145058	Psychromicrobium	2078575	G	27	0	27	0.00000
SRR6145058	Psychroflexus	83612	G	6	0	6	0.00000
SRR6145058	Psychrobacillus	1221880	G	4	0	4	0.00000
SRR6145058	Pseudovibrio	258255	G	3	0	3	0.00000
SRR6145058	Pseudothermotoga	1643951	G	2	0	2	0.00000
SRR6145058	Pseudorhodoplanes	1734920	G	41	1	42	0.00000
SRR6145058	Pseudorhodobacter	238783	G	21	0	21	0.00000
SRR6145058	Pseudopedobacter	1649482	G	10	0	10	0.00000
SRR6145058	Pseudolysobacter	2709666	G	15	0	15	0.00000
SRR6145058	Pseudohongiella	1524249	G	8	0	8	0.00000
SRR6145058	Pseudohalocynthiibacter	1759417	G	22	3	25	0.00000
SRR6145058	Pseudogulbenkiania	568394	G	18	1	19	0.00000
SRR6145058	Pseudodesulfovibrio	2035811	G	30	2	32	0.00000
SRR6145058	Pseudoclostridium	2304693	G	4	0	4	0.00000
SRR6145058	Pseudobutyrivibrio	46205	G	3	0	3	0.00000
SRR6145058	Pseudobacter	1860196	G	5	34	39	0.00000
SRR6145058	Pseudoarcobacter	2321113	G	6	0	6	0.00000
SRR6145058	Pseudescherichia	2055880	G	10	0	10	0.00000
SRR6145058	Pseudanabaena	1152	G	8	0	8	0.00000
SRR6145058	Przondovirus	1985720	G	1	0	1	0.00000
SRR6145058	Prymnesiovirus	181086	G	1	0	1	0.00000
SRR6145058	Providencia	586	G	36	2	38	0.00000
SRR6145058	Proteiniphilum	294702	G	8	0	8	0.00000
SRR6145058	Prosthecochloris	1101	G	6	0	6	0.00000
SRR6145058	Prochlorococcus	1218	G	29	0	29	0.00000
SRR6145058	Proboscivirus	548689	G	2	1	3	0.00000
SRR6145058	Prauserella	142577	G	42	1	43	0.00000
SRR6145058	Prasinovirus	181084	G	2	0	2	0.00000
SRR6145058	Pragia	82984	G	3	0	3	0.00000
SRR6145058	Pradovirus	1985733	G	4	0	4	0.00000
SRR6145058	Pradoshia	2651279	G	4	0	4	0.00000
SRR6145058	Potyvirus	12195	G	1	1	2	0.00000
SRR6145058	Pontimonas	1434032	G	7	0	7	0.00000
SRR6145058	Pontibacillus	289201	G	5	0	5	0.00000
SRR6145058	Pleurocapsa	44474	G	9	0	9	0.00000
SRR6145058	Plesiomonas	702	G	6	0	6	0.00000
SRR6145058	Planktothrix	54304	G	2	0	2	0.00000
SRR6145058	Planktomarina	1284657	G	5	0	5	0.00000
SRR6145058	Planctopirus	1649480	G	9	0	9	0.00000
SRR6145058	Pistricoccus	1897649	G	15	0	15	0.00000
SRR6145058	Piscirickettsia	1237	G	8	0	8	0.00000
SRR6145058	Pirellula	123	G	26	0	26	0.00000
SRR6145058	Pipefishvirus	1982899	G	3	-1	2	0.00000
SRR6145058	Pijolavirus	2732692	G	1	0	1	0.00000
SRR6145058	Pifdecavirus	2732691	G	1	0	1	0.00000
SRR6145058	Picrophilus	46631	G	1	0	1	0.00000
SRR6145058	Picardvirus	2733201	G	2	0	2	0.00000
SRR6145058	Phytobacter	447792	G	14	22	36	0.00000
SRR6145058	Phyllobacterium	28100	G	21	1	22	0.00000
SRR6145058	Phycisphaera	666508	G	26	0	26	0.00000
SRR6145058	Photorhabdus	29487	G	15	0	15	0.00000
SRR6145058	Photobacterium	657	G	21	1	22	0.00000
SRR6145058	Phoenicibacter	1981050	G	1	0	1	0.00000
SRR6145058	Phistoryvirus	2733158	G	1	4	5	0.00000
SRR6145058	Phikzvirus	680115	G	2	-2	0	0.00000
SRR6145058	Phicbkvirus	1623296	G	1	0	1	0.00000
SRR6145058	Phascolarctobacterium	33024	G	6	-6	0	0.00000
SRR6145058	Phabquatrovirus	2733123	G	1	0	1	0.00000
SRR6145058	Petrotoga	28236	G	5	0	5	0.00000
SRR6145058	Petrocella	2603323	G	1	0	1	0.00000
SRR6145058	Petrimonas	307628	G	6	0	6	0.00000
SRR6145058	Permianibacter	1649479	G	11	14	25	0.00000
SRR6145058	Percavirus	548688	G	1	0	1	0.00000
SRR6145058	Pepyhexavirus	1982367	G	2	0	2	0.00000
SRR6145058	Peptoclostridium	1481960	G	4	0	4	0.00000
SRR6145058	Peptacetobacter	2743582	G	4	0	4	0.00000
SRR6145058	Pelosinus	365348	G	12	0	12	0.00000
SRR6145058	Pelolinea	1649478	G	2	0	2	0.00000
SRR6145058	Pelodictyon	1099	G	4	0	4	0.00000
SRR6145058	Pelobacter	18	G	29	0	29	0.00000
SRR6145058	Pelistega	106146	G	6	0	6	0.00000
SRR6145058	Pelagibacterium	1082930	G	29	2	31	0.00000
SRR6145058	Pediococcus	1253	G	23	3	26	0.00000
SRR6145058	Parvularcula	208215	G	14	4	18	0.00000
SRR6145058	Parolsenella	2082587	G	7	5	12	0.00000
SRR6145058	Parashewanella	2547964	G	2	0	2	0.00000
SRR6145058	Parasedimentitalea	2738399	G	9	0	9	0.00000
SRR6145058	Parasaccharibacter	1602345	G	1	0	1	0.00000
SRR6145058	Pararhodospirillum	1612157	G	22	0	22	0.00000
SRR6145058	Paraprevotella	577309	G	13	2	15	0.00000
SRR6145058	Parapoxvirus	10257	G	1	0	1	0.00000
SRR6145058	Paraphotobacterium	2042066	G	2	0	2	0.00000
SRR6145058	Paraoerskovia	665568	G	42	1	43	0.00000
SRR6145058	Paraliobacillus	200903	G	4	0	4	0.00000
SRR6145058	Paraglaciecola	1621534	G	13	0	13	0.00000
SRR6145058	Parageobacillus	1906945	G	10	0	10	0.00000
SRR6145058	Paraflavitalea	2698688	G	11	0	11	0.00000
SRR6145058	Paraclostridium	1849822	G	10	0	10	0.00000
SRR6145058	Parachlamydia	83551	G	5	0	5	0.00000
SRR6145058	Parabacteroides	375288	G	19	2	21	0.00000
SRR6145058	Pandoravirus	2060084	G	27	4	31	0.00000
SRR6145058	Panacibacter	1874621	G	13	0	13	0.00000
SRR6145058	Pamexvirus	1982355	G	1	0	1	0.00000
SRR6145058	Paludisphaera	1763521	G	29	0	29	0.00000
SRR6145058	Paludibacter	346096	G	7	0	7	0.00000
SRR6145058	Pajaroellobacter	1882917	G	1	0	1	0.00000
SRR6145058	Paenisporosarcina	651660	G	9	0	9	0.00000
SRR6145058	Paeniclostridium	1849828	G	10	0	10	0.00000
SRR6145058	Oxynema	1492710	G	4	0	4	0.00000
SRR6145058	Oxalobacter	846	G	3	0	3	0.00000
SRR6145058	Owenweeksia	267986	G	6	1	7	0.00000
SRR6145058	Otariodibacter	1249016	G	8	0	8	0.00000
SRR6145058	Oscillibacter	459786	G	9	11	20	0.00000
SRR6145058	Oscillatoria	1158	G	17	1	18	0.00000
SRR6145058	Oryzopoxvirus	2733297	G	1	0	1	0.00000
SRR6145058	Oryzomicrobium	1911577	G	23	0	23	0.00000
SRR6145058	Orthopoxvirus	10242	G	1	0	1	0.00000
SRR6145058	Orrella	1921582	G	31	3	34	0.00000
SRR6145058	Ornithobacterium	28250	G	15	0	15	0.00000
SRR6145058	Orientia	69474	G	5	0	5	0.00000
SRR6145058	Orbus	743714	G	2	0	2	0.00000
SRR6145058	Oneupvirus	2733200	G	1	0	1	0.00000
SRR6145058	Olleya	336276	G	3	0	3	0.00000
SRR6145058	Oligella	90243	G	10	0	10	0.00000
SRR6145058	Oleispira	188907	G	5	0	5	0.00000
SRR6145058	Oleiphilus	141450	G	6	0	6	0.00000
SRR6145058	Oenococcus	46254	G	10	0	10	0.00000
SRR6145058	Odoribacter	283168	G	7	9	16	0.00000
SRR6145058	Oceanobacillus	182709	G	19	0	19	0.00000
SRR6145058	Oceanithermus	208447	G	17	0	17	0.00000
SRR6145058	Oceanispirochaeta	2035349	G	3	0	3	0.00000
SRR6145058	Oceanisphaera	225143	G	4	0	4	0.00000
SRR6145058	Oceanimonas	129577	G	15	0	15	0.00000
SRR6145058	Oceanihabitans	2045416	G	5	0	5	0.00000
SRR6145058	Oceanicola	252301	G	31	0	31	0.00000
SRR6145058	Oceanicoccus	1084558	G	5	0	5	0.00000
SRR6145058	Obolenskvirus	1915205	G	7	1	8	0.00000
SRR6145058	Oblitimonas	1849530	G	3	0	3	0.00000
SRR6145058	Nymphadoravirus	2169636	G	1	-1	0	0.00000
SRR6145058	Nyceiraevirus	2560192	G	1	0	1	0.00000
SRR6145058	Noviherbaspirillum	1344552	G	29	1	30	0.00000
SRR6145058	Novibacillus	1677050	G	4	0	4	0.00000
SRR6145058	Nordella	169055	G	44	0	44	0.00000
SRR6145058	Nonlabens	363408	G	29	0	29	0.00000
SRR6145058	Nonanavirus	1921122	G	35	4	39	0.00000
SRR6145058	Nodularia	159191	G	4	-4	0	0.00000
SRR6145058	Nitrospira	1234	G	41	0	41	0.00000
SRR6145058	Nitrosospira	35798	G	14	0	14	0.00000
SRR6145058	Nitrososphaera	497726	G	3	0	3	0.00000
SRR6145058	Nitrosopumilus	338191	G	6	2	8	0.00000
SRR6145058	Nitrosomonas	914	G	33	1	34	0.00000
SRR6145058	Nitrosococcus	1227	G	13	0	13	0.00000
SRR6145058	Nitrincola	267849	G	7	0	7	0.00000
SRR6145058	Nitratifractor	269260	G	4	0	4	0.00000
SRR6145058	Nissabacter	1964366	G	15	0	15	0.00000
SRR6145058	Nickievirus	2560188	G	1	0	1	0.00000
SRR6145058	Nibricoccus	2576890	G	19	0	19	0.00000
SRR6145058	Nibribacter	1649474	G	1	0	1	0.00000
SRR6145058	Niastella	354354	G	8	0	8	0.00000
SRR6145058	Niabella	379899	G	27	0	27	0.00000
SRR6145058	Neptunomonas	75687	G	5	0	5	0.00000
SRR6145058	Neokomagataea	1223423	G	5	0	5	0.00000
SRR6145058	Neochlamydia	112987	G	2	0	2	0.00000
SRR6145058	Neoasaia	320496	G	14	0	14	0.00000
SRR6145058	Ndongobacter	1930845	G	16	3	19	0.00000
SRR6145058	Nautilia	191291	G	3	0	3	0.00000
SRR6145058	Natronorubrum	134813	G	17	0	17	0.00000
SRR6145058	Natronomonas	63743	G	15	0	15	0.00000
SRR6145058	Natronolimnobius	253106	G	16	0	16	0.00000
SRR6145058	Natronococcus	29287	G	15	0	15	0.00000
SRR6145058	Natronobacterium	2256	G	12	0	12	0.00000
SRR6145058	Natrinema	88723	G	28	2	30	0.00000
SRR6145058	Natrialba	63742	G	4	0	4	0.00000
SRR6145058	Natranaerobius	375928	G	3	0	3	0.00000
SRR6145058	Naesvirus	2733115	G	2	0	2	0.00000
SRR6145058	Myunavirus	2560180	G	1	0	1	0.00000
SRR6145058	Mycetohabitans	2571159	G	5	0	5	0.00000
SRR6145058	Mycetocola	76634	G	31	0	31	0.00000
SRR6145058	Muscavirus	1285593	G	1	0	1	0.00000
SRR6145058	Muriicola	762641	G	5	0	5	0.00000
SRR6145058	Muricauda	111500	G	16	0	16	0.00000
SRR6145058	Muribaculum	1918540	G	9	0	9	0.00000
SRR6145058	Murdochiella	1161127	G	33	3	36	0.00000
SRR6145058	Mupapillomavirus	334202	G	1	0	1	0.00000
SRR6145058	Mucinivorans	1611681	G	5	0	5	0.00000
SRR6145058	Moritella	58050	G	7	0	7	0.00000
SRR6145058	Morganella	581	G	21	2	23	0.00000
SRR6145058	Moorella	44260	G	5	0	5	0.00000
SRR6145058	Moorea	1155738	G	11	0	11	0.00000
SRR6145058	Monaibacterium	2029873	G	35	6	41	0.00000
SRR6145058	Molluscipoxvirus	10278	G	3	0	3	0.00000
SRR6145058	Moineauvirus	1623304	G	4	1	5	0.00000
SRR6145058	Mimivirus	315393	G	2	2	4	0.00000
SRR6145058	Microvirgula	57479	G	19	0	19	0.00000
SRR6145058	Microcystis	1125	G	21	2	23	0.00000
SRR6145058	Microcoleus	44471	G	17	1	18	0.00000
SRR6145058	Micavibrio	213485	G	19	0	19	0.00000
SRR6145058	Metrivirus	2560175	G	12	4	16	0.00000
SRR6145058	Methylovulum	762296	G	10	0	10	0.00000
SRR6145058	Methylovorus	81682	G	3	0	3	0.00000
SRR6145058	Methylovirgula	1156568	G	38	2	40	0.00000
SRR6145058	Methylotenera	359407	G	5	0	5	0.00000
SRR6145058	Methylophilus	16	G	8	0	8	0.00000
SRR6145058	Methylophaga	40222	G	11	1	12	0.00000
SRR6145058	Methylomusa	2093783	G	3	0	3	0.00000
SRR6145058	Methylomonas	416	G	28	0	28	0.00000
SRR6145058	Methylomicrobium	39773	G	14	0	14	0.00000
SRR6145058	Methyloligella	1485594	G	29	1	30	0.00000
SRR6145058	Methylococcus	413	G	20	0	20	0.00000
SRR6145058	Methyloceanibacter	1484898	G	19	0	19	0.00000
SRR6145058	Methylocaldum	73778	G	14	0	14	0.00000
SRR6145058	Methylobacillus	404	G	1	0	1	0.00000
SRR6145058	Methylacidiphilum	511745	G	4	0	4	0.00000
SRR6145058	Methanotorris	196119	G	3	0	3	0.00000
SRR6145058	Methanothrix	2222	G	2	0	2	0.00000
SRR6145058	Methanothermococcus	155862	G	2	0	2	0.00000
SRR6145058	Methanothermobacter	145260	G	1	0	1	0.00000
SRR6145058	Methanospirillum	2202	G	3	0	3	0.00000
SRR6145058	Methanosphaerula	475087	G	3	0	3	0.00000
SRR6145058	Methanosphaera	2316	G	2	0	2	0.00000
SRR6145058	Methanosarcina	2207	G	32	-1	31	0.00000
SRR6145058	Methanosalsum	196136	G	1	0	1	0.00000
SRR6145058	Methanoregula	395331	G	1	0	1	0.00000
SRR6145058	Methanopyrus	2319	G	1	0	1	0.00000
SRR6145058	Methanomethylovorans	101191	G	1	0	1	0.00000
SRR6145058	Methanomassiliicoccus	1080709	G	4	3	7	0.00000
SRR6145058	Methanolinea	499551	G	1	0	1	0.00000
SRR6145058	Methanolacinia	230355	G	1	0	1	0.00000
SRR6145058	Methanohalophilus	2175	G	2	0	2	0.00000
SRR6145058	Methanohalobium	2321	G	2	0	2	0.00000
SRR6145058	Methanofollis	81416	G	1	0	1	0.00000
SRR6145058	Methanofervidicoccus	2607661	G	2	0	2	0.00000
SRR6145058	Methanoculleus	45989	G	10	0	10	0.00000
SRR6145058	Methanococcus	2184	G	30	0	30	0.00000
SRR6145058	Methanococcoides	2225	G	5	0	5	0.00000
SRR6145058	Methanocella	570266	G	6	1	7	0.00000
SRR6145058	Methanocaldococcus	196118	G	12	0	12	0.00000
SRR6145058	Methanobrevibacter	2172	G	20	0	20	0.00000
SRR6145058	Methanobacterium	2160	G	6	0	6	0.00000
SRR6145058	Mesotoga	1184396	G	2	0	2	0.00000
SRR6145058	Mesoplasma	46239	G	11	0	11	0.00000
SRR6145058	Mesoflavibacter	444051	G	9	-9	0	0.00000
SRR6145058	Mementomorivirus	2733194	G	1	0	1	0.00000
SRR6145058	Melissococcus	33969	G	1	0	1	0.00000
SRR6145058	Megasphaera	906	G	19	0	19	0.00000
SRR6145058	Megamonas	158846	G	20	0	20	0.00000
SRR6145058	Mediterraneibacter	2316020	G	13	4	17	0.00000
SRR6145058	Mastadenovirus	10509	G	1	0	1	0.00000
SRR6145058	Massilistercora	2717089	G	2	0	2	0.00000
SRR6145058	Marthavirus	1980936	G	1	0	1	0.00000
SRR6145058	Marivivens	1759396	G	7	2	9	0.00000
SRR6145058	Marivirga	869806	G	7	1	8	0.00000
SRR6145058	Marisediminicola	1230698	G	27	0	27	0.00000
SRR6145058	Mariprofundus	377315	G	9	0	9	0.00000
SRR6145058	Marinomonas	28253	G	13	0	13	0.00000
SRR6145058	Marinobacterium	48075	G	17	0	17	0.00000
SRR6145058	Marinitoga	160798	G	7	0	7	0.00000
SRR6145058	Marinithermus	186191	G	9	0	9	0.00000
SRR6145058	Marinirhabdus	1862153	G	8	0	8	0.00000
SRR6145058	Marinilactibacillus	191769	G	14	0	14	0.00000
SRR6145058	Mariniflexile	527198	G	7	0	7	0.00000
SRR6145058	Mariniblastus	2005380	G	4	0	4	0.00000
SRR6145058	Marichromatium	85076	G	23	0	23	0.00000
SRR6145058	Maricaulis	74317	G	14	0	14	0.00000
SRR6145058	Maribius	387095	G	30	0	30	0.00000
SRR6145058	Maribacter	252356	G	22	0	22	0.00000
SRR6145058	Mannheimia	75984	G	33	8	41	0.00000
SRR6145058	Majavirus	2733191	G	1	0	1	0.00000
SRR6145058	Mahella	252965	G	8	0	8	0.00000
SRR6145058	Magnetospira	1182780	G	14	0	14	0.00000
SRR6145058	Magnetococcus	162171	G	5	0	5	0.00000
SRR6145058	Mageeibacillus	1637257	G	10	0	10	0.00000
SRR6145058	Machinavirus	2169624	G	2	0	2	0.00000
SRR6145058	Lysinibacillus	400634	G	30	0	30	0.00000
SRR6145058	Lymphocystivirus	10494	G	1	1	2	0.00000
SRR6145058	Lymphocryptovirus	10375	G	1	1	2	0.00000
SRR6145058	Lutibacter	358023	G	8	0	8	0.00000
SRR6145058	Luteolibacter	518753	G	14	0	14	0.00000
SRR6145058	Luteitalea	2004797	G	37	0	37	0.00000
SRR6145058	Luckytenvirus	2733189	G	2	0	2	0.00000
SRR6145058	Lonsdalea	1082702	G	4	0	4	0.00000
SRR6145058	Longibaculum	1918538	G	7	2	9	0.00000
SRR6145058	Lomovskayavirus	308912	G	1	0	1	0.00000
SRR6145058	Loessnervirus	2732962	G	1	0	1	0.00000
SRR6145058	Litorilituus	1407056	G	1	0	1	0.00000
SRR6145058	Litoricola	418700	G	5	4	9	0.00000
SRR6145058	Litoreibacter	947567	G	18	0	18	0.00000
SRR6145058	Listeria	1637	G	34	2	36	0.00000
SRR6145058	Limnospira	2596745	G	1	14	15	0.00000
SRR6145058	Limnohabitans	665874	G	36	1	37	0.00000
SRR6145058	Limnochorda	1676651	G	7	0	7	0.00000
SRR6145058	Limnobacter	131079	G	20	0	20	0.00000
SRR6145058	Limihaloglobus	2690160	G	1	0	1	0.00000
SRR6145058	Limelightvirus	2731954	G	2	0	2	0.00000
SRR6145058	Likavirus	1982880	G	3	0	3	0.00000
SRR6145058	Liefievirus	1623288	G	4	0	4	0.00000
SRR6145058	Lichenihabitans	2723776	G	43	1	44	0.00000
SRR6145058	Liberibacter	34019	G	2	0	2	0.00000
SRR6145058	Libanicoccus	1935188	G	8	4	12	0.00000
SRR6145058	Leptospirillum	179	G	1	0	1	0.00000
SRR6145058	Leptospira	171	G	15	-4	11	0.00000
SRR6145058	Leptolyngbya	47251	G	31	2	33	0.00000
SRR6145058	Lentilitoribacter	1649463	G	1	0	1	0.00000
SRR6145058	Lentibacillus	175304	G	4	0	4	0.00000
SRR6145058	Leminorella	82980	G	1	0	1	0.00000
SRR6145058	Lelliottia	1330545	G	34	2	36	0.00000
SRR6145058	Leeuwenhoekiella	283735	G	4	0	4	0.00000
SRR6145058	Leadbetterella	319458	G	6	0	6	0.00000
SRR6145058	Laroyevirus	1982086	G	1	0	1	0.00000
SRR6145058	Laribacter	168470	G	21	3	24	0.00000
SRR6145058	Lacunisphaera	1961799	G	21	0	21	0.00000
SRR6145058	Lacrimispora	2719231	G	9	0	9	0.00000
SRR6145058	Lacinutrix	291183	G	18	0	18	0.00000
SRR6145058	Lacimicrobium	1751872	G	5	0	5	0.00000
SRR6145058	Lachnospira	28050	G	6	0	6	0.00000
SRR6145058	Lachnoclostridium	1506553	G	20	3	23	0.00000
SRR6145058	Laceyella	292635	G	5	0	5	0.00000
SRR6145058	Labilibaculum	2060722	G	7	0	7	0.00000
SRR6145058	Kyrpidia	1129704	G	6	0	6	0.00000
SRR6145058	Kushneria	504090	G	26	0	26	0.00000
SRR6145058	Kurthia	1649	G	21	1	22	0.00000
SRR6145058	Ktedonosporobacter	2692417	G	8	0	8	0.00000
SRR6145058	Kroppenstedtia	1274351	G	2	0	2	0.00000
SRR6145058	Kozakia	153497	G	28	2	30	0.00000
SRR6145058	Kostyavirus	1623284	G	1	-1	0	0.00000
SRR6145058	Kosmotoga	651456	G	1	0	1	0.00000
SRR6145058	Kordia	221065	G	25	0	25	0.00000
SRR6145058	Kochitakasuvirus	1982590	G	2	-2	0	0.00000
SRR6145058	Kluyvera	579	G	19	1	20	0.00000
SRR6145058	Kiritimatiella	1921784	G	9	15	24	0.00000
SRR6145058	Kineobactrum	2678529	G	10	0	10	0.00000
SRR6145058	Ketobacter	2025617	G	5	0	5	0.00000
SRR6145058	Kerstersia	257820	G	15	1	16	0.00000
SRR6145058	Kayvirus	1857843	G	25	0	25	0.00000
SRR6145058	Karamvirus	1913650	G	1	0	1	0.00000
SRR6145058	Kangiella	261963	G	14	0	14	0.00000
SRR6145058	Jwalphavirus	2169642	G	1	0	1	0.00000
SRR6145058	Jonquetella	428711	G	7	0	7	0.00000
SRR6145058	Jonesia	43673	G	9	0	9	0.00000
SRR6145058	Jilinvirus	1918725	G	1	0	1	0.00000
SRR6145058	Jiaodavirus	1985325	G	1	0	1	0.00000
SRR6145058	Jeotgalicoccus	227979	G	25	0	25	0.00000
SRR6145058	Jeotgalibacillus	157226	G	9	0	9	0.00000
SRR6145058	Jeongeupia	885864	G	21	0	21	0.00000
SRR6145058	Jannaschia	188905	G	23	0	23	0.00000
SRR6145058	Izhakiella	1780190	G	6	0	6	0.00000
SRR6145058	Ithacavirus	2169643	G	1	-1	0	0.00000
SRR6145058	Iodobacter	32014	G	2	0	2	0.00000
SRR6145058	Intestinimonas	1392389	G	1	12	13	0.00000
SRR6145058	Intestinibaculum	2679910	G	3	1	4	0.00000
SRR6145058	Indioceanicola	2478349	G	36	2	38	0.00000
SRR6145058	Immundisolibacter	1934947	G	28	0	28	0.00000
SRR6145058	Ilyobacter	167639	G	8	0	8	0.00000
SRR6145058	Ilumatobacter	682522	G	33	0	33	0.00000
SRR6145058	Ignicoccus	54258	G	1	-1	0	0.00000
SRR6145058	Ignavibacterium	795750	G	1	1	2	0.00000
SRR6145058	Idiomarina	135575	G	16	0	16	0.00000
SRR6145058	Ichthyobacterium	1755829	G	2	0	2	0.00000
SRR6145058	Hyperthermus	54247	G	1	0	1	0.00000
SRR6145058	Hydrogenovibrio	28884	G	5	1	6	0.00000
SRR6145058	Hydrogenobaculum	168657	G	1	0	1	0.00000
SRR6145058	Hydrogenobacter	939	G	9	0	9	0.00000
SRR6145058	Hydrocarboniclastica	2650549	G	6	0	6	0.00000
SRR6145058	Hungatella	1649459	G	9	0	9	0.00000
SRR6145058	Hungateiclostridium	2304692	G	8	1	9	0.00000
SRR6145058	Hpunavirus	1196844	G	1	30	31	0.00000
SRR6145058	Hoyosella	697025	G	41	0	41	0.00000
SRR6145058	Hoeflea	274591	G	35	1	36	0.00000
SRR6145058	Histophilus	214906	G	8	0	8	0.00000
SRR6145058	Hippea	84404	G	2	0	2	0.00000
SRR6145058	Herminiimonas	303379	G	13	3	16	0.00000
SRR6145058	Herbinix	1663717	G	2	0	2	0.00000
SRR6145058	Heliorestis	79598	G	2	0	2	0.00000
SRR6145058	Heliobacterium	2697	G	9	0	9	0.00000
SRR6145058	Hathewaya	1769729	G	7	0	7	0.00000
SRR6145058	Halovivax	332951	G	10	0	10	0.00000
SRR6145058	Halothiobacillus	109262	G	10	0	10	0.00000
SRR6145058	Halothermothrix	32636	G	2	0	2	0.00000
SRR6145058	Halothece	76023	G	1	0	1	0.00000
SRR6145058	Haloterrigena	121871	G	32	1	33	0.00000
SRR6145058	Halotalea	376488	G	23	0	23	0.00000
SRR6145058	Halostella	1843185	G	10	2	12	0.00000
SRR6145058	Halostagnicola	353799	G	8	0	8	0.00000
SRR6145058	Halorussus	1070314	G	14	0	14	0.00000
SRR6145058	Halorientalis	1073987	G	14	0	14	0.00000
SRR6145058	Halorhodospira	85108	G	22	22	44	0.00000
SRR6145058	Halorhabdus	146825	G	12	0	12	0.00000
SRR6145058	Haloprofundus	1911573	G	15	0	15	0.00000
SRR6145058	Haloplanus	376170	G	43	0	43	0.00000
SRR6145058	Halopiger	387342	G	13	13	26	0.00000
SRR6145058	Halopenitus	1209988	G	11	0	11	0.00000
SRR6145058	Halomicronema	170610	G	4	0	4	0.00000
SRR6145058	Halomicrobium	203135	G	14	0	14	0.00000
SRR6145058	Halohasta	1450140	G	3	12	15	0.00000
SRR6145058	Halogeometricum	60846	G	6	0	6	0.00000
SRR6145058	Haloferax	2251	G	36	0	36	0.00000
SRR6145058	Halodesulfurarchaeum	1980514	G	2	0	2	0.00000
SRR6145058	Halocynthiibacter	1579315	G	6	0	6	0.00000
SRR6145058	Halocella	46466	G	3	0	3	0.00000
SRR6145058	Halobiforma	203193	G	21	2	23	0.00000
SRR6145058	Halobellus	1073986	G	23	2	25	0.00000
SRR6145058	Halobacteroides	42417	G	5	0	5	0.00000
SRR6145058	Halobacteriovorax	1652133	G	16	0	16	0.00000
SRR6145058	Halobacillus	45667	G	7	0	7	0.00000
SRR6145058	Haloarcula	2237	G	26	0	26	0.00000
SRR6145058	Haliscomenobacter	2349	G	7	0	7	0.00000
SRR6145058	Halioglobus	1217416	G	29	11	40	0.00000
SRR6145058	Halarcobacter	2321115	G	6	0	6	0.00000
SRR6145058	Halapricum	1542963	G	5	14	19	0.00000
SRR6145058	Halanaerobium	2330	G	5	0	5	0.00000
SRR6145058	Halalkalicoccus	332246	G	16	0	16	0.00000
SRR6145058	Halalkaliarchaeum	2678343	G	8	0	8	0.00000
SRR6145058	Hahella	158481	G	14	0	14	0.00000
SRR6145058	Hafnia	568	G	8	3	11	0.00000
SRR6145058	Haematospirillum	1804663	G	5	0	5	0.00000
SRR6145058	Gyrovirus	227307	G	1	0	1	0.00000
SRR6145058	Gynuella	1445504	G	5	0	5	0.00000
SRR6145058	Guyparkeria	2035712	G	10	0	10	0.00000
SRR6145058	Gustavvirus	2560144	G	1	0	1	0.00000
SRR6145058	Gudongella	2692382	G	2	0	2	0.00000
SRR6145058	Grimontia	246861	G	6	0	6	0.00000
SRR6145058	Granulosicoccus	437504	G	12	0	12	0.00000
SRR6145058	Granulicella	940557	G	25	0	25	0.00000
SRR6145058	Granulibacter	364409	G	26	0	26	0.00000
SRR6145058	Gramella	292691	G	38	0	38	0.00000
SRR6145058	Gracilibacillus	74385	G	2	0	2	0.00000
SRR6145058	Gottschalkia	1505664	G	4	0	4	0.00000
SRR6145058	Gordonibacter	644652	G	21	15	36	0.00000
SRR6145058	Glycocaulis	1433402	G	16	0	16	0.00000
SRR6145058	Gloeothece	28070	G	10	0	10	0.00000
SRR6145058	Gloeomargarita	1188227	G	7	0	7	0.00000
SRR6145058	Gloeocapsa	102231	G	17	1	18	0.00000
SRR6145058	Gloeobacter	33071	G	20	9	29	0.00000
SRR6145058	Glaciecola	89404	G	13	0	13	0.00000
SRR6145058	Gimesia	1649453	G	5	32	37	0.00000
SRR6145058	Gilvibacter	379070	G	4	0	4	0.00000
SRR6145058	Gillisia	244698	G	5	0	5	0.00000
SRR6145058	Gilliamella	1193503	G	15	1	16	0.00000
SRR6145058	Gibbsiella	929812	G	9	0	9	0.00000
SRR6145058	Getalongvirus	2733156	G	1	-1	0	0.00000
SRR6145058	Gequatrovirus	1910952	G	17	1	18	0.00000
SRR6145058	Geosporobacter	390805	G	9	0	9	0.00000
SRR6145058	Geoglobus	190818	G	1	0	1	0.00000
SRR6145058	Geoalkalibacter	392332	G	5	0	5	0.00000
SRR6145058	Geminocystis	669357	G	16	1	17	0.00000
SRR6145058	Gelderlandvirus	1913653	G	2	-1	1	0.00000
SRR6145058	Geitlerinema	63132	G	10	0	10	0.00000
SRR6145058	Gammaretrovirus	153135	G	2	0	2	0.00000
SRR6145058	Galunavirus	2560135	G	7	0	7	0.00000
SRR6145058	Gallionella	96	G	5	0	5	0.00000
SRR6145058	Gallibacterium	155493	G	3	0	3	0.00000
SRR6145058	Gallaecimonas	745410	G	6	0	6	0.00000
SRR6145058	Fuerstia	1936111	G	8	0	8	0.00000
SRR6145058	Fromanvirus	186764	G	4	0	4	0.00000
SRR6145058	Friunavirus	1985711	G	2	-2	0	0.00000
SRR6145058	Frischella	1335631	G	6	0	6	0.00000
SRR6145058	Frederiksenia	1649317	G	5	0	5	0.00000
SRR6145058	Francisella	262	G	28	0	28	0.00000
SRR6145058	Formosa	225842	G	21	0	21	0.00000
SRR6145058	Fluviicola	332102	G	7	0	7	0.00000
SRR6145058	Fluviibacterium	2661844	G	18	2	20	0.00000
SRR6145058	Fluoribacter	461	G	8	0	8	0.00000
SRR6145058	Flintibacter	1918454	G	5	0	5	0.00000
SRR6145058	Flexistipes	2351	G	2	0	2	0.00000
SRR6145058	Flavonifractor	946234	G	14	1	15	0.00000
SRR6145058	Flavivirga	1209327	G	10	0	10	0.00000
SRR6145058	Flavihumibacter	1004301	G	18	0	18	0.00000
SRR6145058	Flammeovirga	59739	G	16	8	24	0.00000
SRR6145058	Flagellimonas	444459	G	3	0	3	0.00000
SRR6145058	Fimbriimonas	1005038	G	15	12	27	0.00000
SRR6145058	Filomicrobium	119044	G	7	0	7	0.00000
SRR6145058	Filimonas	649460	G	12	0	12	0.00000
SRR6145058	Fictibacillus	1329200	G	5	0	5	0.00000
SRR6145058	Fibrobacter	832	G	4	0	4	0.00000
SRR6145058	Fibrella	861914	G	36	2	38	0.00000
SRR6145058	Fervidobacterium	2422	G	7	0	7	0.00000
SRR6145058	Ferrovibrio	1231242	G	38	0	38	0.00000
SRR6145058	Ferroglobus	54260	G	4	0	4	0.00000
SRR6145058	Ferriphaselus	1443590	G	5	0	5	0.00000
SRR6145058	Ferrimonas	44011	G	14	0	14	0.00000
SRR6145058	Fermentimonas	1784836	G	3	0	3	0.00000
SRR6145058	Felixounavirus	1198140	G	1	0	1	0.00000
SRR6145058	Fastidiosipila	236752	G	21	1	22	0.00000
SRR6145058	Faecalitalea	1573534	G	3	0	3	0.00000
SRR6145058	Faecalibaculum	1729679	G	7	0	7	0.00000
SRR6145058	Fabibacter	446458	G	4	0	4	0.00000
SRR6145058	Euzebyella	1287916	G	6	0	6	0.00000
SRR6145058	Euhalothece	65097	G	3	0	3	0.00000
SRR6145058	Eubacterium	1730	G	23	0	23	0.00000
SRR6145058	Ethanoligenens	253238	G	4	4	8	0.00000
SRR6145058	Erysipelothrix	1647	G	21	0	21	0.00000
SRR6145058	Erysipelatoclostridium	1505663	G	4	5	9	0.00000
SRR6145058	Erskinevirus	2169623	G	1	0	1	0.00000
SRR6145058	Ereboglobus	2028344	G	13	0	13	0.00000
SRR6145058	Epibacterium	1649279	G	29	8	37	0.00000
SRR6145058	Ephemeroptericola	2680021	G	3	0	3	0.00000
SRR6145058	Entomoplasma	46238	G	2	0	2	0.00000
SRR6145058	Enterovibrio	188143	G	1	0	1	0.00000
SRR6145058	Enterocloster	2719313	G	22	7	29	0.00000
SRR6145058	Eneladusvirus	2560128	G	5	0	5	0.00000
SRR6145058	Endozoicomonas	305899	G	6	0	6	0.00000
SRR6145058	Endomicrobium	1408194	G	1	1	2	0.00000
SRR6145058	Emcibacter	1602338	G	23	0	23	0.00000
SRR6145058	Emalynvirus	2560127	G	3	0	3	0.00000
SRR6145058	Elvirus	1984786	G	1	0	1	0.00000
SRR6145058	Elusimicrobium	423604	G	1	0	1	0.00000
SRR6145058	Elerivirus	2560126	G	1	0	1	0.00000
SRR6145058	Ehrlichia	943	G	6	-2	4	0.00000
SRR6145058	Eggerthella	84111	G	22	2	24	0.00000
SRR6145058	Edwardsiella	635	G	31	2	33	0.00000
SRR6145058	Edaphobacter	388463	G	5	0	5	0.00000
SRR6145058	Ectothiorhodospira	1051	G	24	0	24	0.00000
SRR6145058	Echinicola	390846	G	22	1	23	0.00000
SRR6145058	Dysgonomonas	156973	G	5	0	5	0.00000
SRR6145058	Dyokappapapillomavirus	1513238	G	1	0	1	0.00000
SRR6145058	Dyadobacter	120831	G	20	1	21	0.00000
SRR6145058	Duncaniella	2518495	G	16	5	21	0.00000
SRR6145058	Draconibacterium	1471399	G	10	10	20	0.00000
SRR6145058	Dolichospermum	748770	G	2	5	7	0.00000
SRR6145058	Dokdonia	326319	G	10	0	10	0.00000
SRR6145058	Dismasvirus	2560122	G	1	0	1	0.00000
SRR6145058	Dictyoglomus	13	G	5	0	5	0.00000
SRR6145058	Diaminobutyricimonas	1433997	G	36	1	37	0.00000
SRR6145058	Dialister	39948	G	31	0	31	0.00000
SRR6145058	Devriesea	472568	G	22	0	22	0.00000
SRR6145058	Desulfuromonas	890	G	21	0	21	0.00000
SRR6145058	Desulfurococcus	2273	G	1	-1	0	0.00000
SRR6145058	Desulfurobacterium	64159	G	2	0	2	0.00000
SRR6145058	Desulfurivibrio	427922	G	2	0	2	0.00000
SRR6145058	Desulfurispirillum	393029	G	3	0	3	0.00000
SRR6145058	Desulfurella	33001	G	2	0	2	0.00000
SRR6145058	Desulfotomaculum	1562	G	17	0	17	0.00000
SRR6145058	Desulfotalea	109168	G	2	0	2	0.00000
SRR6145058	Desulfosporosinus	79206	G	7	0	7	0.00000
SRR6145058	Desulfosarcina	2299	G	29	0	29	0.00000
SRR6145058	Desulfomonile	2357	G	2	0	2	0.00000
SRR6145058	Desulfomicrobium	898	G	24	0	24	0.00000
SRR6145058	Desulfohalobium	45662	G	1	0	1	0.00000
SRR6145058	Desulfoglaeba	361106	G	6	0	6	0.00000
SRR6145058	Desulfofarcimen	2282742	G	2	0	2	0.00000
SRR6145058	Desulfocurvibacter	2582840	G	6	0	6	0.00000
SRR6145058	Desulfococcus	896	G	8	0	8	0.00000
SRR6145058	Desulfocapsa	53318	G	2	0	2	0.00000
SRR6145058	Desulfobulbus	893	G	29	0	29	0.00000
SRR6145058	Desulfobacula	28222	G	3	0	3	0.00000
SRR6145058	Desulfobacterium	2295	G	3	0	3	0.00000
SRR6145058	Desulfobacter	2289	G	6	0	6	0.00000
SRR6145058	Desulfobacca	60892	G	2	0	2	0.00000
SRR6145058	Desulfitobacterium	36853	G	10	0	10	0.00000
SRR6145058	Desulfatibacillum	218207	G	10	0	10	0.00000
SRR6145058	Desulfarculus	453229	G	12	1	13	0.00000
SRR6145058	Desulfallas	2282740	G	3	0	3	0.00000
SRR6145058	Dermatophilus	1862	G	37	0	37	0.00000
SRR6145058	Derbicusvirus	2733102	G	2	0	2	0.00000
SRR6145058	Denitrovibrio	117999	G	2	0	2	0.00000
SRR6145058	Denitrobacterium	79603	G	2	0	2	0.00000
SRR6145058	Denitratisoma	311181	G	21	6	27	0.00000
SRR6145058	Deltapolyomavirus	1891715	G	1	1	2	0.00000
SRR6145058	Dehalogenimonas	670486	G	3	0	3	0.00000
SRR6145058	Dehalococcoides	61434	G	2	0	2	0.00000
SRR6145058	Dehalobacterium	51514	G	1	1	2	0.00000
SRR6145058	Dehalobacter	56112	G	4	0	4	0.00000
SRR6145058	Defluviitoga	1511648	G	2	0	2	0.00000
SRR6145058	Deferribacter	53572	G	10	0	10	0.00000
SRR6145058	Deefgea	400947	G	2	0	2	0.00000
SRR6145058	Dechloromonas	73029	G	31	0	31	0.00000
SRR6145058	Dactylococcopsis	13034	G	5	1	6	0.00000
SRR6145058	Cytophaga	978	G	17	0	17	0.00000
SRR6145058	Cyprinivirus	692606	G	1	0	1	0.00000
SRR6145058	Cypovirus	10981	G	1	0	1	0.00000
SRR6145058	Cylindrospermum	56106	G	7	0	7	0.00000
SRR6145058	Cycloclasticus	34067	G	1	0	1	0.00000
SRR6145058	Cyclobacterium	68288	G	8	0	8	0.00000
SRR6145058	Cyanothece	43988	G	5	5	10	0.00000
SRR6145058	Cyanobium	167375	G	24	2	26	0.00000
SRR6145058	Cyanobacterium	102234	G	2	0	2	0.00000
SRR6145058	Curvibacter	281915	G	28	0	28	0.00000
SRR6145058	Cryptobacterium	84162	G	2	0	2	0.00000
SRR6145058	Cronosvirus	2732913	G	1	0	1	0.00000
SRR6145058	Crocosphaera	263510	G	5	0	5	0.00000
SRR6145058	Croceibacter	216431	G	3	0	3	0.00000
SRR6145058	Crinalium	241421	G	9	0	9	0.00000
SRR6145058	Crenobacter	1654931	G	24	1	25	0.00000
SRR6145058	Crateriforma	2714592	G	8	0	8	0.00000
SRR6145058	Crassaminicella	1848399	G	1	0	1	0.00000
SRR6145058	Coxiella	776	G	6	3	9	0.00000
SRR6145058	Corndogvirus	1623285	G	1	-1	0	0.00000
SRR6145058	Coriobacterium	33870	G	1	0	1	0.00000
SRR6145058	Coraliomargarita	442430	G	3	0	3	0.00000
SRR6145058	Congregibacter	393661	G	8	0	8	0.00000
SRR6145058	Conexivisphaera	2613912	G	1	0	1	0.00000
SRR6145058	Commensalibacter	1079922	G	1	-1	0	0.00000
SRR6145058	Colwellia	28228	G	30	1	31	0.00000
SRR6145058	Colossusvirus	2733153	G	2	0	2	0.00000
SRR6145058	Collinsella	102106	G	34	8	42	0.00000
SRR6145058	Cohnella	329857	G	14	0	14	0.00000
SRR6145058	Cohaesibacter	655352	G	9	0	9	0.00000
SRR6145058	Cobetia	204286	G	14	1	15	0.00000
SRR6145058	Cloacibacillus	508459	G	9	0	9	0.00000
SRR6145058	Citricoccus	169133	G	183	-183	0	0.00000
SRR6145058	Chthonomonas	1077265	G	5	0	5	0.00000
SRR6145058	Chryseolinea	1433993	G	11	5	16	0.00000
SRR6145058	Chromohalobacter	42054	G	29	0	29	0.00000
SRR6145058	Christensenella	990721	G	7	0	7	0.00000
SRR6145058	Chondromyces	50	G	42	0	42	0.00000
SRR6145058	Chondrocystis	268175	G	3	0	3	0.00000
SRR6145058	Chlorovirus	181083	G	1	0	1	0.00000
SRR6145058	Chloroherpeton	100715	G	5	0	5	0.00000
SRR6145058	Chloroflexus	1107	G	18	-11	7	0.00000
SRR6145058	Chlorobium	1091	G	11	0	11	0.00000
SRR6145058	Chlorobaculum	256319	G	9	0	9	0.00000
SRR6145058	Chloracidobacterium	458032	G	11	0	11	0.00000
SRR6145058	Chlamydia	810	G	9	-1	8	0.00000
SRR6145058	Chitinolyticbacter	1055692	G	16	0	16	0.00000
SRR6145058	Cheoctovirus	1623281	G	3	0	3	0.00000
SRR6145058	Chelativorans	449972	G	43	2	45	0.00000
SRR6145058	Chania	1745211	G	2	0	2	0.00000
SRR6145058	Changchengzhania	2049301	G	4	0	4	0.00000
SRR6145058	Chamaesiphon	217161	G	6	0	6	0.00000
SRR6145058	Cetia	1775691	G	2	0	2	0.00000
SRR6145058	Cepunavirus	1982583	G	4	3	7	0.00000
SRR6145058	Cellulosilyticum	698776	G	6	0	6	0.00000
SRR6145058	Cellulophaga	104264	G	21	0	21	0.00000
SRR6145058	Ceduovirus	186532	G	4	-1	3	0.00000
SRR6145058	Cedecea	158483	G	26	0	26	0.00000
SRR6145058	Catenovulum	1172191	G	7	0	7	0.00000
SRR6145058	Casimicrobium	2706000	G	27	3	30	0.00000
SRR6145058	Carboxydocella	178898	G	4	0	4	0.00000
SRR6145058	Caproiciproducens	1738645	G	12	0	12	0.00000
SRR6145058	Caminibacter	191301	G	5	0	5	0.00000
SRR6145058	Caloranaerobacter	171003	G	4	0	4	0.00000
SRR6145058	Caloramator	44258	G	3	0	3	0.00000
SRR6145058	Caldivirga	76886	G	1	0	1	0.00000
SRR6145058	Caldithrix	187144	G	5	0	5	0.00000
SRR6145058	Calditerrivibrio	545865	G	2	0	2	0.00000
SRR6145058	Caldisphaera	200414	G	2	0	2	0.00000
SRR6145058	Caldilinea	233191	G	4	0	4	0.00000
SRR6145058	Caldicellulosiruptor	44000	G	15	0	15	0.00000
SRR6145058	Caldanaerobacter	249529	G	3	0	3	0.00000
SRR6145058	Caballeronia	1827195	G	31	0	31	0.00000
SRR6145058	Bythopirellula	1400386	G	4	0	4	0.00000
SRR6145058	Butyrivibrio	830	G	9	0	9	0.00000
SRR6145058	Butyricimonas	574697	G	12	4	16	0.00000
SRR6145058	Buttiauxella	82976	G	12	0	12	0.00000
SRR6145058	Brujitavirus	2169611	G	2	1	3	0.00000
SRR6145058	Brucella	234	G	30	4	34	0.00000
SRR6145058	Britbratvirus	2560107	G	5	0	5	0.00000
SRR6145058	Brevibacillus	55080	G	36	0	36	0.00000
SRR6145058	Brevefilum	2019482	G	2	0	2	0.00000
SRR6145058	Brenneria	71655	G	17	0	17	0.00000
SRR6145058	Bremerella	2714594	G	14	0	14	0.00000
SRR6145058	Brasilonema	383614	G	31	-31	0	0.00000
SRR6145058	Bradymonas	1779136	G	12	24	36	0.00000
SRR6145058	Boseongicola	1648497	G	17	0	17	0.00000
SRR6145058	Borreliella	64895	G	6	-1	5	0.00000
SRR6145058	Borrelia	138	G	13	0	13	0.00000
SRR6145058	Bongovirus	1983744	G	1	-1	0	0.00000
SRR6145058	Blautia	572511	G	36	4	40	0.00000
SRR6145058	Blattabacterium	34098	G	21	0	21	0.00000
SRR6145058	Bixzunavirus	680114	G	3	0	3	0.00000
SRR6145058	Bignuzvirus	1623277	G	1	1	2	0.00000
SRR6145058	Bibersteinia	476528	G	10	0	10	0.00000
SRR6145058	Betterkatzvirus	2560101	G	1	0	1	0.00000
SRR6145058	Betacoronavirus	694002	G	1	0	1	0.00000
SRR6145058	Betabaculovirus	558017	G	1	3	4	0.00000
SRR6145058	Bertelyvirus	2733152	G	1	0	1	0.00000
SRR6145058	Bernardetia	1937972	G	8	0	8	0.00000
SRR6145058	Bermanella	599651	G	1	0	1	0.00000
SRR6145058	Belliella	232244	G	8	0	8	0.00000
SRR6145058	Beijerinckia	532	G	12	0	12	0.00000
SRR6145058	Beggiatoa	1021	G	3	0	3	0.00000
SRR6145058	Basilea	1472344	G	5	0	5	0.00000
SRR6145058	Basfia	697331	G	7	0	7	0.00000
SRR6145058	Bartonella	773	G	44	1	45	0.00000
SRR6145058	Barnyardvirus	1623276	G	1	0	1	0.00000
SRR6145058	Barnesiella	397864	G	11	1	12	0.00000
SRR6145058	Baoshanvirus	2732969	G	13	0	13	0.00000
SRR6145058	Bantamvirus	2560096	G	1	0	1	0.00000
SRR6145058	Baltimorevirus	2169641	G	1	0	1	0.00000
SRR6145058	Baikalvirus	2733094	G	2	0	2	0.00000
SRR6145058	Badnavirus	10652	G	1	0	1	0.00000
SRR6145058	Bacteriovorax	146784	G	23	0	23	0.00000
SRR6145058	Bacterioplanes	1537406	G	3	0	3	0.00000
SRR6145058	Avipoxvirus	10260	G	1	0	1	0.00000
SRR6145058	Avibacterium	292486	G	8	0	8	0.00000
SRR6145058	Austintatiousvirus	2733169	G	1	-1	0	0.00000
SRR6145058	Auricoccus	2005363	G	23	0	23	0.00000
SRR6145058	Aureitalea	1176327	G	3	0	3	0.00000
SRR6145058	Aurantimicrobium	1705353	G	26	0	26	0.00000
SRR6145058	Attisvirus	2169652	G	4	-4	0	0.00000
SRR6145058	Atlantibacter	1903434	G	20	0	20	0.00000
SRR6145058	Asteriusvirus	2560094	G	1	0	1	0.00000
SRR6145058	Asaia	91914	G	11	0	11	0.00000
SRR6145058	Arthrospira	35823	G	14	2	16	0.00000
SRR6145058	Arsenophonus	637	G	10	0	10	0.00000
SRR6145058	Arenibacter	178469	G	11	0	11	0.00000
SRR6145058	Arcticibacterium	2173039	G	7	0	7	0.00000
SRR6145058	Archaeoglobus	2233	G	2	0	2	0.00000
SRR6145058	Arcanobacterium	28263	G	25	0	25	0.00000
SRR6145058	Arachidicoccus	1769012	G	42	0	42	0.00000
SRR6145058	Arabia	2005386	G	12	0	12	0.00000
SRR6145058	Aquimarina	290174	G	26	0	26	0.00000
SRR6145058	Aquiflexum	280472	G	8	0	8	0.00000
SRR6145058	Aquicella	254245	G	2	0	2	0.00000
SRR6145058	Aquaspirillum	187	G	14	0	14	0.00000
SRR6145058	Apricotvirus	2733166	G	2	4	6	0.00000
SRR6145058	Appavirus	2733165	G	1	0	1	0.00000
SRR6145058	Apibacter	1778601	G	23	0	23	0.00000
SRR6145058	Anulavirus	413970	G	1	2	3	0.00000
SRR6145058	Antarctobacter	74032	G	30	0	30	0.00000
SRR6145058	Antarcticibacterium	2058174	G	11	0	11	0.00000
SRR6145058	Anseongella	1773450	G	2	0	2	0.00000
SRR6145058	Anoxybacter	1769008	G	8	0	8	0.00000
SRR6145058	Anoxybacillus	150247	G	30	0	30	0.00000
SRR6145058	Aneurinibacillus	55079	G	4	0	4	0.00000
SRR6145058	Andhravirus	2732589	G	4	0	4	0.00000
SRR6145058	Anaplasma	768	G	3	9	12	0.00000
SRR6145058	Anaerotignum	2039240	G	3	0	3	0.00000
SRR6145058	Anaerostipes	207244	G	19	1	20	0.00000
SRR6145058	Anaerolinea	233189	G	5	0	5	0.00000
SRR6145058	Anaerohalosphaera	2690159	G	2	11	13	0.00000
SRR6145058	Anaerobutyricum	2569097	G	17	2	19	0.00000
SRR6145058	Anabaenopsis	110103	G	4	1	5	0.00000
SRR6145058	Ampunavirus	2732929	G	1	0	1	0.00000
SRR6145058	Amphibacillus	29331	G	6	0	6	0.00000
SRR6145058	Ammonifex	42837	G	3	0	3	0.00000
SRR6145058	Aminomonas	81411	G	8	0	8	0.00000
SRR6145058	Aminipila	2060094	G	11	8	19	0.00000
SRR6145058	Alphatrevirus	1910951	G	9	0	9	0.00000
SRR6145058	Alphasphaerolipovirus	1714268	G	1	4	5	0.00000
SRR6145058	Alphapolyomavirus	1891713	G	10	0	10	0.00000
SRR6145058	Alphapapillomavirus	333750	G	1	36	37	0.00000
SRR6145058	Alphabaculovirus	558016	G	7	0	7	0.00000
SRR6145058	Allopseudarcicella	2676060	G	2	0	2	0.00000
SRR6145058	Alloprevotella	1283313	G	26	0	26	0.00000
SRR6145058	Allofrancisella	1869285	G	3	0	3	0.00000
SRR6145058	Allochromatium	85072	G	23	1	24	0.00000
SRR6145058	Alkalitalea	1193324	G	9	0	9	0.00000
SRR6145058	Alkaliphilus	114627	G	3	0	3	0.00000
SRR6145058	Alkalilimnicola	133193	G	18	0	18	0.00000
SRR6145058	Aliivibrio	511678	G	13	0	13	0.00000
SRR6145058	Aliiarcobacter	2321111	G	4	6	10	0.00000
SRR6145058	Alienimonas	2714737	G	28	0	28	0.00000
SRR6145058	Alicyclobacillus	29330	G	15	0	15	0.00000
SRR6145058	Algoriphagus	246875	G	15	0	15	0.00000
SRR6145058	Algibacter	261827	G	21	0	21	0.00000
SRR6145058	Alexandravirus	2733088	G	5	0	5	0.00000
SRR6145058	Alcyoneusvirus	2560086	G	4	0	4	0.00000
SRR6145058	Akkermansia	239934	G	14	16	30	0.00000
SRR6145058	Ahniella	2233801	G	14	0	14	0.00000
SRR6145058	Agtrevirus	2169532	G	2	1	3	0.00000
SRR6145058	Agarivorans	261825	G	3	0	3	0.00000
SRR6145058	Agarilytica	2036021	G	5	0	5	0.00000
SRR6145058	Aeropyrum	56635	G	1	0	1	0.00000
SRR6145058	Aeribacillus	1055323	G	20	0	20	0.00000
SRR6145058	Aequorivita	153265	G	12	0	12	0.00000
SRR6145058	Advenella	290425	G	22	0	22	0.00000
SRR6145058	Adlercreutzia	447020	G	9	1	10	0.00000
SRR6145058	Actinotignum	1653174	G	34	0	34	0.00000
SRR6145058	Actinopolyspora	1849	G	29	0	29	0.00000
SRR6145058	Actinobaculum	76833	G	20	0	20	0.00000
SRR6145058	Aciduliprofundum	379546	G	1	-1	0	0.00000
SRR6145058	Acidothermus	28048	G	12	0	12	0.00000
SRR6145058	Acidobacterium	33973	G	9	0	9	0.00000
SRR6145058	Acidithiobacillus	119977	G	30	0	30	0.00000
SRR6145058	Acidisarcina	2608728	G	9	0	9	0.00000
SRR6145058	Acidimicrobium	53634	G	7	20	27	0.00000
SRR6145058	Acidilobus	105850	G	4	0	4	0.00000
SRR6145058	Acidihalobacter	1765964	G	25	0	25	0.00000
SRR6145058	Acidiferrobacter	986106	G	8	0	8	0.00000
SRR6145058	Acidibrevibacterium	2603324	G	27	0	27	0.00000
SRR6145058	Acidianus	12914	G	10	0	10	0.00000
SRR6145058	Acidaminococcus	904	G	17	0	17	0.00000
SRR6145058	Acholeplasma	2147	G	19	0	19	0.00000
SRR6145058	Acetohalobium	28186	G	2	0	2	0.00000
SRR6145058	Acetobacterium	33951	G	4	9	13	0.00000
SRR6145058	Acetoanaerobium	186831	G	10	0	10	0.00000
SRR6145058	Acaryochloris	155977	G	5	0	5	0.00000
SRR6145058	Absiella	2057233	G	6	0	6	0.00000
SRR6145058	Abidjanvirus	1982095	G	2	0	2	0.00000
